ImageId,Classe,Feature_LBP_1,Feature_LBP_2,Feature_LBP_3,Feature_LBP_4,Feature_LBP_5,Feature_LBP_6,Feature_LBP_7,Feature_LBP_8,Feature_LBP_9,Feature_LBP_10
Parteck 50.jpg,Cohesive,0.06846110026041667,0.0928683810763889,0.031290690104166664,0.07353379991319445,0.06568060980902778,0.14674207899305555,0.0803493923611111,0.10612657335069445,0.13623046875,0.19871690538194445
Parteck 50.jpg,Cohesive,0.07682969835069445,0.0968356662326389,0.03297254774305555,0.07179768880208333,0.06464301215277778,0.14381917317708334,0.08036973741319445,0.1036716037326389,0.12580702039930555,0.2032538519965278
Parteck 50.jpg,Cohesive,0.0777248806423611,0.09770372178819445,0.03342013888888889,0.07366265190972222,0.06418863932291667,0.14111328125,0.0788845486111111,0.10373942057291667,0.12347412109375,0.2060885959201389
Parteck 50.jpg,Cohesive,0.06829833984375,0.09306504991319445,0.030144585503472224,0.07140435112847222,0.06281873914930555,0.14677598741319445,0.08039008246527778,0.10687934027777778,0.14076063368055555,0.199462890625
Parteck 50.jpg,Cohesive,0.0688747829861111,0.09226481119791667,0.030592176649305556,0.07390679253472222,0.06593831380208333,0.1482204861111111,0.08050537109375,0.1064724392361111,0.1364813910590278,0.1967434353298611
Parteck 50.jpg,Cohesive,0.0771755642361111,0.09636094835069445,0.03289794921875,0.07286919487847222,0.06512451171875,0.14177110460069445,0.08093939887152778,0.10426839192708333,0.12419976128472222,0.20439317491319445
Parteck 50.jpg,Cohesive,0.07832166883680555,0.09781901041666667,0.034281412760416664,0.07243516710069445,0.0638699001736111,0.14080810546875,0.08003743489583333,0.10344102647569445,0.12226019965277778,0.20672607421875
Parteck 50.jpg,Cohesive,0.06772867838541667,0.09290907118055555,0.030490451388888888,0.07306586371527778,0.06278483072916667,0.1467352973090278,0.08031548394097222,0.10673014322916667,0.14261881510416666,0.1966213650173611
Parteck 50.jpg,Cohesive,0.0651516384548611,0.09023030598958333,0.030415852864583332,0.0751614040798611,0.06620279947916667,0.1501397026909722,0.0804104275173611,0.1063503689236111,0.1427544487847222,0.1931830512152778
Parteck 50.jpg,Cohesive,0.07567003038194445,0.09613037109375,0.032979329427083336,0.07183837890625,0.06464979383680555,0.14195421006944445,0.08062744140625,0.10390218098958333,0.12742784288194445,0.20482042100694445
Parteck 50.jpg,Cohesive,0.07238091362847222,0.09423828125,0.03189425998263889,0.07257758246527778,0.06390380859375,0.14409044053819445,0.08106146918402778,0.10578748914930555,0.13079833984375,0.20326741536458334
Parteck 50.jpg,Cohesive,0.05949571397569445,0.08777533637152778,0.028177897135416668,0.07465955946180555,0.0648193359375,0.1520657009548611,0.08089192708333333,0.10924614800347222,0.15669759114583334,0.18617078993055555
Parteck 50.jpg,Cohesive,0.05644395616319445,0.08512369791666667,0.026699490017361112,0.07596842447916667,0.07054985894097222,0.15474446614583334,0.08072916666666667,0.10875786675347222,0.16215006510416666,0.1788330078125
Parteck 50.jpg,Cohesive,0.06793891059027778,0.08994547526041667,0.030795627170138888,0.07505967881944445,0.06559922960069445,0.1468438042534722,0.07982042100694445,0.1075168185763889,0.13739013671875,0.1990898980034722
Parteck 50.jpg,Cohesive,0.06444634331597222,0.0913967556423611,0.03021240234375,0.07384575737847222,0.0656399197048611,0.14870198567708334,0.0799289279513889,0.1072658962673611,0.13972303602430555,0.19883897569444445
Parteck 50.jpg,Cohesive,0.053046332465277776,0.08180745442708333,0.025424533420138888,0.07672797309027778,0.06923421223958333,0.1554497612847222,0.07928466796875,0.1101413302951389,0.1757880316840278,0.173095703125
Mowiol 18-88.jpg,Cohesive,0.03457302517361111,0.0710788302951389,0.019558376736111112,0.08469645182291667,0.0761447482638889,0.1650119357638889,0.07954915364583333,0.1053127712673611,0.21143934461805555,0.15263536241319445
Mowiol 18-88.jpg,Cohesive,0.03476291232638889,0.0708346896701389,0.019063313802083332,0.08519151475694445,0.07697889539930555,0.1652899848090278,0.07993570963541667,0.10721842447916667,0.20871988932291666,0.1520046657986111
Mowiol 18-88.jpg,Cohesive,0.03411865234375,0.07128228081597222,0.01983642578125,0.0844455295138889,0.07640923394097222,0.1662326388888889,0.07927788628472222,0.10674370659722222,0.21026611328125,0.15138753255208334
Mowiol 18-88.jpg,Cohesive,0.0343017578125,0.07185872395833333,0.019802517361111112,0.0826755099826389,0.07509358723958333,0.1635470920138889,0.07923719618055555,0.10616048177083333,0.21402994791666666,0.1532931857638889
Mowiol 18-88.jpg,Cohesive,0.03477647569444445,0.07082112630208333,0.020189073350694444,0.08424207899305555,0.07609727647569445,0.1647067599826389,0.08028157552083333,0.10615370008680555,0.2098931206597222,0.1528388129340278
Mowiol 18-88.jpg,Cohesive,0.03524441189236111,0.07124159071180555,0.020134819878472224,0.08521185980902778,0.07769097222222222,0.1636691623263889,0.08087836371527778,0.10719807942708333,0.20631917317708334,0.1524115668402778
Mowiol 18-88.jpg,Cohesive,0.03437635633680555,0.0719333224826389,0.01904296875,0.0837131076388889,0.0762668185763889,0.16642252604166666,0.07954237196180555,0.1072116427951389,0.20893690321180555,0.1525539822048611
Mowiol 18-88.jpg,Cohesive,0.034138997395833336,0.07054985894097222,0.019212510850694444,0.08397081163194445,0.07948811848958333,0.16386583116319445,0.07958306206597222,0.10747612847222222,0.2125515407986111,0.1491631401909722
Mowiol 18-88.jpg,Cohesive,0.033867730034722224,0.0712619357638889,0.019626193576388888,0.08548990885416667,0.07674153645833333,0.16591389973958334,0.0801120334201389,0.1065334743923611,0.2070651584201389,0.1533881293402778
Mowiol 18-88.jpg,Cohesive,0.03510877821180555,0.0699801974826389,0.019639756944444444,0.08619520399305555,0.08453369140625,0.1641303168402778,0.08021375868055555,0.10563829210069445,0.20543077256944445,0.14912923177083334
Mowiol 18-88.jpg,Cohesive,0.03492567274305555,0.07082112630208333,0.019734700520833332,0.08665635850694445,0.08066813151041667,0.16499159071180555,0.07899983723958333,0.10686577690972222,0.2064887152777778,0.1498480902777778
Mowiol 18-88.jpg,Cohesive,0.03447129991319445,0.0719333224826389,0.019131130642361112,0.08412000868055555,0.07813178168402778,0.16048177083333334,0.07982042100694445,0.10808648003472222,0.2134941948784722,0.15032958984375
Mowiol 18-88.jpg,Cohesive,0.034966362847222224,0.07038031684027778,0.0198974609375,0.08515082465277778,0.07857259114583333,0.1665106879340278,0.07958984375,0.10777452256944445,0.2061699761284722,0.15098741319444445
Mowiol 18-88.jpg,Cohesive,0.034322102864583336,0.0715060763888889,0.019259982638888888,0.08512369791666667,0.0819363064236111,0.1644965277777778,0.07939317491319445,0.10689290364583333,0.2060614691840278,0.1510077582465278
Mowiol 18-88.jpg,Cohesive,0.03445095486111111,0.07160101996527778,0.019497341579861112,0.08424207899305555,0.0777316623263889,0.1666531032986111,0.07964409722222222,0.1072998046875,0.2088962131076389,0.14998372395833334
Mowiol 18-88.jpg,Cohesive,0.03563096788194445,0.0704006618923611,0.019748263888888888,0.08378092447916667,0.07618543836805555,0.1632351345486111,0.07989501953125,0.1073879665798611,0.21119520399305555,0.15254041883680555
Cetyl alcohol.jpg,Cohesive,0.05841064453125,0.08384195963541667,0.027099609375,0.07716200086805555,0.07204182942708333,0.1543918185763889,0.08135308159722222,0.10810004340277778,0.1521674262152778,0.1854315863715278
Cetyl alcohol.jpg,Cohesive,0.05726453993055555,0.08428955078125,0.027560763888888888,0.07776557074652778,0.07326253255208333,0.15593126085069445,0.07929144965277778,0.10560438368055555,0.15327962239583334,0.18575032552083334
Cetyl alcohol.jpg,Cohesive,0.05552842881944445,0.08119710286458333,0.026821560329861112,0.07769097222222222,0.0708346896701389,0.1565823025173611,0.08125135633680555,0.10643853081597222,0.1563449435763889,0.1873101128472222
Cetyl alcohol.jpg,Cohesive,0.05824110243055555,0.08553059895833333,0.028116861979166668,0.07840983072916667,0.06666395399305555,0.14961751302083334,0.0813937717013889,0.10820855034722222,0.1466606987847222,0.19715711805555555
Cetyl alcohol.jpg,Cohesive,0.05718994140625,0.0838894314236111,0.027784559461805556,0.07695176866319445,0.07161458333333333,0.15410020616319445,0.08088514539930555,0.10795762803819445,0.15690782335069445,0.18271891276041666
Cetyl alcohol.jpg,Cohesive,0.05799696180555555,0.08594428168402778,0.027886284722222224,0.0775485568576389,0.07354736328125,0.1511162651909722,0.08049180772569445,0.1063571506076389,0.15059407552083334,0.18851725260416666
Cetyl alcohol.jpg,Cohesive,0.05558946397569445,0.08329264322916667,0.027411566840277776,0.0765041775173611,0.07219102647569445,0.15488688151041666,0.0799831814236111,0.10758463541666667,0.154541015625,0.1880154079861111
Cetyl alcohol.jpg,Cohesive,0.057074652777777776,0.08379448784722222,0.027608235677083332,0.07879638671875,0.0685085720486111,0.1527099609375,0.0814208984375,0.10869004991319445,0.14982774522569445,0.19156901041666666
Cetyl alcohol.jpg,Cohesive,0.057671440972222224,0.0848388671875,0.028917100694444444,0.07757568359375,0.07191297743055555,0.14959716796875,0.08270263671875,0.10838487413194445,0.14796956380208334,0.1904296875
Cetyl alcohol.jpg,Cohesive,0.055033365885416664,0.08283148871527778,0.027126736111111112,0.07716878255208333,0.073486328125,0.1537814670138889,0.08138020833333333,0.10608588324652778,0.1562839084201389,0.1868218315972222
Cetyl alcohol.jpg,Cohesive,0.055460611979166664,0.0830349392361111,0.027086046006944444,0.07676866319444445,0.07319471571180555,0.15587022569444445,0.07954237196180555,0.1075439453125,0.15592447916666666,0.1855740017361111
Cetyl alcohol.jpg,Cohesive,0.059814453125,0.08580864800347222,0.028781467013888888,0.07678900824652778,0.06854248046875,0.1494818793402778,0.08241780598958333,0.1062350802951389,0.1463623046875,0.1957668728298611
Cetyl alcohol.jpg,Cohesive,0.06083848741319445,0.08665635850694445,0.029432508680555556,0.07758246527777778,0.06902398003472222,0.14990234375,0.0815768771701389,0.10620795355902778,0.1424492730034722,0.19632975260416666
Cetyl alcohol.jpg,Cohesive,0.055887858072916664,0.08382161458333333,0.027920193142361112,0.0792507595486111,0.07285563151041667,0.1535576714409722,0.0808987087673611,0.1056857638888889,0.1517266167534722,0.18839518229166666
Cetyl alcohol.jpg,Cohesive,0.05825466579861111,0.08611382378472222,0.028055826822916668,0.0777926974826389,0.07169596354166667,0.14836290147569445,0.08171929253472222,0.10666910807291667,0.14756266276041666,0.19377305772569445
Cetyl alcohol.jpg,Cohesive,0.05872938368055555,0.08561876085069445,0.028795030381944444,0.07847764756944445,0.06934271918402778,0.1478000217013889,0.08148193359375,0.10481770833333333,0.15004475911458334,0.1948920355902778
Potasium chloride.jpg,Cohesive,0.03570556640625,0.07084147135416667,0.018466525607638888,0.0805392795138889,0.0757107204861111,0.1652764214409722,0.07744004991319445,0.10394965277777778,0.2165188259548611,0.1555514865451389
Potasium chloride.jpg,Cohesive,0.036980523003472224,0.07135009765625,0.018364800347222224,0.08131917317708333,0.07585313585069445,0.1629909939236111,0.07807074652777778,0.10484483506944445,0.2152642144097222,0.1549614800347222
Potasium chloride.jpg,Cohesive,0.03666856553819445,0.07108561197916667,0.018181694878472224,0.08142768012152778,0.07581922743055555,0.16767713758680555,0.0774875217013889,0.1044650607638889,0.21297200520833334,0.15421549479166666
Potasium chloride.jpg,Cohesive,0.035895453559027776,0.07061089409722222,0.018717447916666668,0.0808376736111111,0.07470024956597222,0.16353352864583334,0.0793185763888889,0.1063571506076389,0.21299235026041666,0.1570366753472222
Potasium chloride.jpg,Cohesive,0.03542751736111111,0.07029215494791667,0.018846299913194444,0.08123779296875,0.07607014973958333,0.16668701171875,0.0763821072048611,0.10559760199652778,0.21433512369791666,0.1551242404513889
Potasium chloride.jpg,Cohesive,0.03707546657986111,0.07062445746527778,0.017740885416666668,0.0818752712673611,0.075439453125,0.1654324001736111,0.07779947916666667,0.10378011067708333,0.2134060329861111,0.1568264431423611
Potasium chloride.jpg,Cohesive,0.03634304470486111,0.0691189236111111,0.018805609809027776,0.08240424262152778,0.07634141710069445,0.16640218098958334,0.07733832465277778,0.10456000434027778,0.2131008572048611,0.1555853949652778
Potasium chloride.jpg,Cohesive,0.03422715928819445,0.0697903103298611,0.018276638454861112,0.08283148871527778,0.07407633463541667,0.16512044270833334,0.0779147677951389,0.10361735026041667,0.21608479817708334,0.15806070963541666
Potasium chloride.jpg,Cohesive,0.034294976128472224,0.07117377387152778,0.018486870659722224,0.08159722222222222,0.07520209418402778,0.16733805338541666,0.07714165581597222,0.10483805338541667,0.21673583984375,0.1531914605034722
Potasium chloride.jpg,Cohesive,0.035881890190972224,0.07085503472222222,0.017598470052083332,0.08179389105902778,0.07596842447916667,0.1656426323784722,0.07800971137152778,0.10401746961805555,0.2151557074652778,0.15507676866319445
Potasium chloride.jpg,Cohesive,0.035847981770833336,0.0699734157986111,0.017971462673611112,0.08220079210069445,0.07543267144097222,0.1661919487847222,0.07930501302083333,0.10454644097222222,0.2144097222222222,0.1541205512152778
Potasium chloride.jpg,Cohesive,0.034138997395833336,0.07106526692708333,0.017842610677083332,0.08180067274305555,0.0738186306423611,0.1625908745659722,0.0787692599826389,0.1063503689236111,0.21757676866319445,0.15604654947916666
Potasium chloride.jpg,Cohesive,0.034993489583333336,0.07054307725694445,0.018446180555555556,0.0821194118923611,0.07716200086805555,0.1714138454861111,0.07464599609375,0.10400390625,0.21384684244791666,0.1528252495659722
Potasium chloride.jpg,Cohesive,0.03584120008680555,0.07145182291666667,0.018100314670138888,0.08167182074652778,0.07602945963541667,0.1663479275173611,0.0776638454861111,0.10319010416666667,0.21510823567708334,0.1545952690972222
Potasium chloride.jpg,Cohesive,0.03500027126736111,0.07044813368055555,0.018107096354166668,0.08203803168402778,0.07520887586805555,0.16725667317708334,0.07691107855902778,0.10466172960069445,0.21645100911458334,0.15391710069444445
Potasium chloride.jpg,Cohesive,0.03495958116319445,0.07002766927083333,0.01849365234375,0.08199055989583333,0.0721774631076389,0.1629909939236111,0.0773654513888889,0.10540771484375,0.2212253146701389,0.1553615993923611
ParacetamolPowder.jpg,Cohesive,0.053229437934027776,0.0827297634548611,0.027370876736111112,0.07855224609375,0.06947835286458333,0.14876302083333334,0.0801120334201389,0.10926649305555555,0.1590643988715278,0.1914333767361111
ParacetamolPowder.jpg,Cohesive,0.05394151475694445,0.0833401150173611,0.026767306857638888,0.07982720269097222,0.06858995225694445,0.14764404296875,0.0816989474826389,0.10847981770833333,0.1547783745659722,0.19493272569444445
ParacetamolPowder.jpg,Cohesive,0.054768880208333336,0.08500162760416667,0.027716742621527776,0.07866075303819445,0.06862386067708333,0.1470404730902778,0.0811496310763889,0.1087917751736111,0.1540798611111111,0.19416639539930555
ParacetamolPowder.jpg,Cohesive,0.048027886284722224,0.08073594835069445,0.025566948784722224,0.08119032118055555,0.06665717230902778,0.15077039930555555,0.08056640625,0.11077880859375,0.16988118489583334,0.1858249240451389
ParacetamolPowder.jpg,Cohesive,0.05404324001736111,0.0828586154513889,0.028008355034722224,0.07916937934027778,0.06966145833333333,0.14851888020833334,0.0813259548611111,0.11030409071180555,0.15705702039930555,0.1890530056423611
ParacetamolPowder.jpg,Cohesive,0.05598280164930555,0.08717176649305555,0.027940538194444444,0.0772433810763889,0.06972249348958333,0.14482286241319445,0.08184136284722222,0.1083102756076389,0.15077039930555555,0.1961941189236111
ParacetamolPowder.jpg,Cohesive,0.05366346571180555,0.08452012803819445,0.026841905381944444,0.07997639973958333,0.06932915581597222,0.1470404730902778,0.08179389105902778,0.10988362630208333,0.15509033203125,0.1918606228298611
ParacetamolPowder.jpg,Cohesive,0.05052354600694445,0.08064100477430555,0.025248209635416668,0.0790744357638889,0.06736246744791667,0.1506618923611111,0.08038330078125,0.10909016927083333,0.1676296657986111,0.1893853081597222
ParacetamolPowder.jpg,Cohesive,0.05401611328125,0.08293321397569445,0.026285807291666668,0.07987467447916667,0.0696750217013889,0.14898681640625,0.08150227864583333,0.1090359157986111,0.15720621744791666,0.1904839409722222
ParacetamolPowder.jpg,Cohesive,0.055121527777777776,0.08696831597222222,0.027364095052083332,0.07877604166666667,0.0694580078125,0.14719645182291666,0.08197021484375,0.10933430989583333,0.15181477864583334,0.19199625651041666
ParacetamolPowder.jpg,Cohesive,0.05324978298611111,0.08363850911458333,0.0267333984375,0.07860649956597222,0.07054307725694445,0.15041097005208334,0.08101399739583333,0.1097683376736111,0.1558498806423611,0.190185546875
ParacetamolPowder.jpg,Cohesive,0.050008138020833336,0.0814208984375,0.025227864583333332,0.08042399088541667,0.06843397352430555,0.14943440755208334,0.0827907986111111,0.10959879557291667,0.1659206814236111,0.1867404513888889
ParacetamolPowder.jpg,Cohesive,0.05174424913194445,0.08164469401041667,0.026482476128472224,0.08049180772569445,0.07160101996527778,0.15380859375,0.08106146918402778,0.1091579861111111,0.1592746310763889,0.18473307291666666
ParacetamolPowder.jpg,Cohesive,0.05588107638888889,0.0840182834201389,0.027560763888888888,0.07975260416666667,0.07030571831597222,0.14801025390625,0.0811767578125,0.1098293728298611,0.15395100911458334,0.18951416015625
ParacetamolPowder.jpg,Cohesive,0.05318874782986111,0.08320448133680555,0.026401095920138888,0.07923041449652778,0.07115342881944445,0.14998372395833334,0.08257378472222222,0.10807969835069445,0.16019694010416666,0.18598768446180555
ParacetamolPowder.jpg,Cohesive,0.047417534722222224,0.07855224609375,0.024610731336805556,0.08260091145833333,0.06812879774305555,0.15419514973958334,0.080810546875,0.10919189453125,0.1746554904513889,0.1798366970486111
Lidocaine.jpg,Cohesive,0.03762478298611111,0.06595865885416667,0.037251790364583336,0.10807969835069445,0.12693277994791666,0.16507975260416666,0.0950046115451389,0.0970730251736111,0.1262885199652778,0.14070638020833334
Lidocaine.jpg,Cohesive,0.03912353515625,0.06852891710069445,0.03748914930555555,0.10563829210069445,0.12641737196180555,0.1639336480034722,0.09429253472222222,0.09747992621527778,0.12562391493055555,0.1414727105034722
Lidocaine.jpg,Cohesive,0.03628879123263889,0.06677924262152778,0.035603841145833336,0.10871717664930555,0.1318359375,0.16758219401041666,0.09417724609375,0.09593370225694445,0.1253662109375,0.13771565755208334
Lidocaine.jpg,Cohesive,0.032572428385416664,0.06450059678819445,0.036031087239583336,0.1119656032986111,0.12953016493055555,0.1679416232638889,0.09502495659722222,0.09623209635416667,0.1276584201388889,0.1385430230034722
Lidocaine.jpg,Cohesive,0.038126627604166664,0.06816948784722222,0.037787543402777776,0.1065334743923611,0.12354871961805555,0.1642184787326389,0.0950046115451389,0.09657118055555555,0.12489827473958333,0.1451416015625
Lidocaine.jpg,Cohesive,0.040961371527777776,0.07038709852430555,0.03797743055555555,0.10420057508680555,0.12308756510416667,0.16621907552083334,0.09349229600694445,0.09727647569444445,0.1226467556423611,0.14375135633680555
Lidocaine.jpg,Cohesive,0.03828260633680555,0.06786431206597222,0.037529839409722224,0.10819498697916667,0.12636311848958334,0.16404893663194445,0.09427897135416667,0.09729682074652778,0.1256103515625,0.1405300564236111
Lidocaine.jpg,Cohesive,0.03592258029513889,0.06526014539930555,0.03594970703125,0.11103651258680555,0.12791612413194445,0.16786702473958334,0.0958591037326389,0.09564887152777778,0.12713623046875,0.13740370008680555
Lidocaine.jpg,Cohesive,0.038397894965277776,0.06770833333333333,0.03785536024305555,0.10774061414930555,0.12483723958333333,0.1628350151909722,0.0960354275173611,0.0972629123263889,0.12438286675347222,0.1429443359375
Lidocaine.jpg,Cohesive,0.04180908203125,0.07100423177083333,0.03863525390625,0.10527208116319445,0.12285020616319445,0.16148546006944445,0.0934787326388889,0.09691704644097222,0.12309434678819445,0.1454535590277778
Lidocaine.jpg,Cohesive,0.04037814670138889,0.0705837673611111,0.038045247395833336,0.10593668619791667,0.1258816189236111,0.1650933159722222,0.09320746527777778,0.09752739800347222,0.1222195095486111,0.14112684461805555
Lidocaine.jpg,Cohesive,0.038065592447916664,0.06670464409722222,0.03671603732638889,0.10807969835069445,0.12729899088541666,0.16484239366319445,0.09533013237847222,0.09668646918402778,0.12489149305555555,0.1413845486111111
Lidocaine.jpg,Cohesive,0.03689236111111111,0.06640625,0.036553276909722224,0.1100802951388889,0.1261528862847222,0.1643405490451389,0.0955810546875,0.0976291232638889,0.12418619791666667,0.1421780056423611
Lidocaine.jpg,Cohesive,0.0399169921875,0.0686916775173611,0.03909640842013889,0.10731336805555555,0.12410481770833333,0.16208902994791666,0.0940823025173611,0.09766303168402778,0.12204996744791667,0.1449924045138889
Lidocaine.jpg,Cohesive,0.038811577690972224,0.06801350911458333,0.03729248046875,0.10755750868055555,0.12476264105902778,0.16441514756944445,0.09406195746527778,0.09693739149305555,0.12369791666666667,0.14444986979166666
Lidocaine.jpg,Cohesive,0.035040961371527776,0.0655788845486111,0.03628879123263889,0.11018880208333333,0.12834337022569445,0.16817220052083334,0.095703125,0.0959743923611111,0.1276584201388889,0.1370510525173611
Calcium Phosphate Dibasic.jpg,Cohesive,0.0954928927951389,0.1150173611111111,0.05831570095486111,0.07489013671875,0.062310112847222224,0.08637152777777778,0.07454427083333333,0.09429253472222222,0.11052110460069445,0.2282443576388889
Calcium Phosphate Dibasic.jpg,Cohesive,0.0964694552951389,0.11784532335069445,0.055765787760416664,0.07386610243055555,0.06293402777777778,0.08702256944444445,0.07391357421875,0.0929294162326389,0.1106228298611111,0.2286309136284722
Calcium Phosphate Dibasic.jpg,Cohesive,0.0948757595486111,0.11341010199652778,0.057013617621527776,0.07568359375,0.06333414713541667,0.08973524305555555,0.07514784071180555,0.0925632052951389,0.10902235243055555,0.2292141384548611
Calcium Phosphate Dibasic.jpg,Cohesive,0.0947604709201389,0.1121554904513889,0.05632188585069445,0.0762600368923611,0.06471082899305555,0.09267171223958333,0.07554796006944445,0.09290228949652778,0.10777452256944445,0.2268948025173611
Calcium Phosphate Dibasic.jpg,Cohesive,0.0983005099826389,0.11505805121527778,0.057902018229166664,0.0748630099826389,0.06072998046875,0.08649359809027778,0.07358805338541667,0.0945705837673611,0.10975477430555555,0.22873942057291666
Calcium Phosphate Dibasic.jpg,Cohesive,0.09642198350694445,0.11651611328125,0.05750868055555555,0.0740966796875,0.06129286024305555,0.08683268229166667,0.07521565755208333,0.09211561414930555,0.110107421875,0.2298923068576389
Calcium Phosphate Dibasic.jpg,Cohesive,0.09672037760416667,0.1149563259548611,0.056952582465277776,0.0751003689236111,0.06309678819444445,0.0885009765625,0.07440863715277778,0.0928073459201389,0.10972764756944445,0.2277289496527778
Calcium Phosphate Dibasic.jpg,Cohesive,0.09291585286458333,0.1127590603298611,0.056708441840277776,0.07623291015625,0.06435139973958333,0.09235975477430555,0.07497151692708333,0.09351264105902778,0.10883924696180555,0.2273491753472222
Calcium Phosphate Dibasic.jpg,Cohesive,0.093994140625,0.11503770616319445,0.058207194010416664,0.0746731228298611,0.0632595486111111,0.08622233072916667,0.07347954644097222,0.09400092230902778,0.11164008246527778,0.2294854058159722
Calcium Phosphate Dibasic.jpg,Cohesive,0.09688313802083333,0.11493598090277778,0.058207194010416664,0.07478162977430555,0.061882866753472224,0.08776177300347222,0.0754055447048611,0.09308539496527778,0.11036512586805555,0.2266913519965278
Calcium Phosphate Dibasic.jpg,Cohesive,0.09684922960069445,0.11633978949652778,0.057291666666666664,0.07305230034722222,0.06261528862847222,0.08885362413194445,0.0757107204861111,0.09321424696180555,0.10957845052083333,0.2264946831597222
Calcium Phosphate Dibasic.jpg,Cohesive,0.09168836805555555,0.11187065972222222,0.05715603298611111,0.07676188151041667,0.06382242838541667,0.08949788411458333,0.07692464192708333,0.0935940212673611,0.10993787977430555,0.22874620225694445
Calcium Phosphate Dibasic.jpg,Cohesive,0.09410264756944445,0.1132541232638889,0.056966145833333336,0.07590738932291667,0.061896430121527776,0.08710394965277778,0.07371690538194445,0.09424506293402778,0.11164008246527778,0.2311672634548611
Calcium Phosphate Dibasic.jpg,Cohesive,0.0949978298611111,0.11724175347222222,0.05626085069444445,0.07342529296875,0.0615234375,0.08620198567708333,0.0751953125,0.0928683810763889,0.11193169487847222,0.2303534613715278
Calcium Phosphate Dibasic.jpg,Cohesive,0.09632025824652778,0.11494954427083333,0.057149251302083336,0.07482231987847222,0.0628390842013889,0.08825005425347222,0.07408989800347222,0.09367540147569445,0.10949028862847222,0.22841389973958334
Calcium Phosphate Dibasic.jpg,Cohesive,0.08148871527777778,0.10584174262152778,0.053826226128472224,0.08251953125,0.075927734375,0.1018405490451389,0.07708740234375,0.09508599175347222,0.11212836371527778,0.21425374348958334
Stearyl alcohol.jpg,Cohesive,0.06846110026041667,0.09205457899305555,0.032979329427083336,0.0754123263888889,0.06818983289930555,0.14697265625,0.08074951171875,0.1046481662326389,0.1307373046875,0.1997951931423611
Stearyl alcohol.jpg,Cohesive,0.07597520616319445,0.09619818793402778,0.035956488715277776,0.0743408203125,0.06880696614583333,0.1439548068576389,0.08003065321180555,0.10247124565972222,0.11989339192708333,0.20237223307291666
Stearyl alcohol.jpg,Cohesive,0.07267930772569445,0.09465874565972222,0.033894856770833336,0.07480875651041667,0.0705227322048611,0.14803059895833334,0.0805324978298611,0.10120307074652778,0.12358940972222222,0.2000800238715278
Stearyl alcohol.jpg,Cohesive,0.07029215494791667,0.09136962890625,0.03215196397569445,0.0763210720486111,0.06995985243055555,0.1484307183159722,0.0815090603298611,0.10322401258680555,0.12602403428819445,0.2007175021701389
Stearyl alcohol.jpg,Cohesive,0.06792534722222222,0.0920749240451389,0.031575520833333336,0.073974609375,0.0723537868923611,0.1513943142361111,0.08018663194444445,0.10376654730902778,0.13397216796875,0.1927761501736111
Stearyl alcohol.jpg,Cohesive,0.07530381944444445,0.09718153211805555,0.03537326388888889,0.07383219401041667,0.07035319010416667,0.14592149522569445,0.08146158854166667,0.10194905598958333,0.11794026692708333,0.20068359375
Stearyl alcohol.jpg,Cohesive,0.07481553819444445,0.09741889105902778,0.03537326388888889,0.07323540581597222,0.07259114583333333,0.1453789605034722,0.08083089192708333,0.10121663411458333,0.11859809027777778,0.20054117838541666
Stearyl alcohol.jpg,Cohesive,0.07109239366319445,0.09296332465277778,0.03286404079861111,0.0755954318576389,0.07140435112847222,0.1487765842013889,0.08045789930555555,0.10230170355902778,0.12409125434027778,0.20045301649305555
Stearyl alcohol.jpg,Cohesive,0.0686916775173611,0.09173583984375,0.03255886501736111,0.07428656684027778,0.07201470269097222,0.15190294053819445,0.0809665256076389,0.10302056206597222,0.1322292751736111,0.1925930447048611
Stearyl alcohol.jpg,Cohesive,0.07429334852430555,0.09593370225694445,0.03432888454861111,0.0731201171875,0.0723537868923611,0.14815266927083334,0.08087158203125,0.10212537977430555,0.1216701931423611,0.1971503363715278
Stearyl alcohol.jpg,Cohesive,0.07179090711805555,0.0932345920138889,0.034294976128472224,0.0748019748263889,0.07421875,0.1491021050347222,0.08104790581597222,0.1022610134548611,0.12078857421875,0.1984592013888889
Stearyl alcohol.jpg,Cohesive,0.0716281467013889,0.09389241536458333,0.033772786458333336,0.07489691840277778,0.06920030381944445,0.14825439453125,0.08152940538194445,0.10197618272569445,0.12487114800347222,0.1999782986111111
Stearyl alcohol.jpg,Cohesive,0.06413438585069445,0.09027099609375,0.030551486545138888,0.07691786024305555,0.0719875759548611,0.1533135308159722,0.0806545681423611,0.1050143771701389,0.13791910807291666,0.1892361111111111
Stearyl alcohol.jpg,Cohesive,0.07100423177083333,0.093505859375,0.03248426649305555,0.07417127821180555,0.07190619574652778,0.14817301432291666,0.08080376519097222,0.10262044270833333,0.12797037760416666,0.1973605685763889
Stearyl alcohol.jpg,Cohesive,0.06829155815972222,0.09129503038194445,0.03188747829861111,0.0763888888888889,0.07114664713541667,0.15174696180555555,0.08091905381944445,0.10319688585069445,0.1278754340277778,0.19725206163194445
Stearyl alcohol.jpg,Cohesive,0.06563313802083333,0.08957926432291667,0.03138563368055555,0.0765109592013889,0.07286919487847222,0.1513671875,0.08058675130208333,0.10307481553819445,0.1384548611111111,0.19053819444444445
Caffeine_19mm.jpg,Cohesive,0.07048882378472222,0.09733072916666667,0.034525553385416664,0.075439453125,0.0627780490451389,0.13077799479166666,0.08136664496527778,0.10376654730902778,0.12255181206597222,0.2209743923611111
Caffeine_19mm.jpg,Cohesive,0.0735812717013889,0.10053846571180555,0.036017523871527776,0.0755615234375,0.0626559787326389,0.1268581814236111,0.0820583767361111,0.10222710503472222,0.11809624565972222,0.2224053276909722
Caffeine_19mm.jpg,Cohesive,0.07402208116319445,0.09928385416666667,0.03537326388888889,0.07539876302083333,0.06276448567708333,0.1297336154513889,0.08231608072916667,0.1026882595486111,0.11870659722222222,0.21971299913194445
Caffeine_19mm.jpg,Cohesive,0.06293402777777778,0.0920681423611111,0.029717339409722224,0.0773586697048611,0.06293402777777778,0.1362033420138889,0.0832790798611111,0.10762532552083333,0.1396145290798611,0.20826551649305555
Caffeine_19mm.jpg,Cohesive,0.07212999131944445,0.09657796223958333,0.0340576171875,0.0750461154513889,0.06379530164930555,0.13245985243055555,0.08162434895833333,0.10270182291666667,0.12080213758680555,0.22080485026041666
Caffeine_19mm.jpg,Cohesive,0.0755886501736111,0.09907362196180555,0.03609890407986111,0.07543267144097222,0.06514485677083333,0.1284450954861111,0.08234998914930555,0.10114203559027778,0.1159939236111111,0.2207302517361111
Caffeine_19mm.jpg,Cohesive,0.07719590928819445,0.1014133029513889,0.03624131944444445,0.0743747287326389,0.0650295681423611,0.12797037760416666,0.0820583767361111,0.10001627604166667,0.11567518446180555,0.2200249565972222
Caffeine_19mm.jpg,Cohesive,0.06776258680555555,0.09455702039930555,0.031941731770833336,0.07556830512152778,0.063232421875,0.1345282660590278,0.08318413628472222,0.10413275824652778,0.13047281901041666,0.21461995442708334
Caffeine_19mm.jpg,Cohesive,0.0688205295138889,0.09613715277777778,0.03293185763888889,0.07759602864583333,0.06572808159722222,0.1310085720486111,0.08314344618055555,0.10466851128472222,0.12428114149305555,0.21568467881944445
Caffeine_19mm.jpg,Cohesive,0.07604302300347222,0.09949408637152778,0.035725911458333336,0.07356770833333333,0.06610107421875,0.1290283203125,0.08168538411458333,0.09992133246527778,0.11576334635416667,0.22266981336805555
Caffeine_19mm.jpg,Cohesive,0.07615831163194445,0.10088433159722222,0.03554958767361111,0.0738254123263889,0.06422932942708333,0.13069661458333334,0.0830349392361111,0.10066731770833333,0.11625162760416667,0.21870252821180555
Caffeine_19mm.jpg,Cohesive,0.06797960069444445,0.09560139973958333,0.03265380859375,0.0751071506076389,0.06648084852430555,0.13292100694444445,0.08257378472222222,0.1051974826388889,0.1286349826388889,0.21284993489583334
Caffeine_19mm.jpg,Cohesive,0.059895833333333336,0.09021674262152778,0.030931260850694444,0.07915581597222222,0.06621636284722222,0.1365695529513889,0.0838623046875,0.1068996853298611,0.1365017361111111,0.2097507052951389
Caffeine_19mm.jpg,Cohesive,0.0724148220486111,0.09844292534722222,0.0341796875,0.07470024956597222,0.06569417317708333,0.1298489040798611,0.0829806857638889,0.103271484375,0.11932373046875,0.2191433376736111
Caffeine_19mm.jpg,Cohesive,0.07240804036458333,0.09834798177083333,0.034627278645833336,0.07489013671875,0.06669108072916667,0.1317477756076389,0.08378092447916667,0.10151502821180555,0.1192626953125,0.2167290581597222
Caffeine_19mm.jpg,Cohesive,0.05893283420138889,0.08702256944444445,0.02838134765625,0.07715521918402778,0.0681423611111111,0.14261881510416666,0.08191596137152778,0.10648600260416667,0.15525309244791666,0.194091796875
Calcium phosphate dibasic_19mm.jpg,Cohesive,0.08704969618055555,0.10875108506944445,0.04531521267361111,0.07038709852430555,0.059895833333333336,0.10089789496527778,0.0802883572048611,0.09721544053819445,0.11283365885416667,0.23736572265625
Calcium phosphate dibasic_19mm.jpg,Cohesive,0.08591715494791667,0.10798475477430555,0.04391140407986111,0.072265625,0.062127007378472224,0.1024441189236111,0.07856580946180555,0.0968288845486111,0.11262342664930555,0.2373318142361111
Calcium phosphate dibasic_19mm.jpg,Cohesive,0.08685302734375,0.11004638671875,0.04404025607638889,0.07103135850694445,0.062357584635416664,0.10191514756944445,0.079345703125,0.09728325737847222,0.1109280056423611,0.2361992730034722
Calcium phosphate dibasic_19mm.jpg,Cohesive,0.08593071831597222,0.11077202690972222,0.04426405164930555,0.07221137152777778,0.05904812282986111,0.09910753038194445,0.07979329427083333,0.09672715928819445,0.11240641276041667,0.2397393120659722
Calcium phosphate dibasic_19mm.jpg,Cohesive,0.09001329210069445,0.11116536458333333,0.04507785373263889,0.07042100694444445,0.060160319010416664,0.10029432508680555,0.07863362630208333,0.09552680121527778,0.11170111762152778,0.2370062934027778
Calcium phosphate dibasic_19mm.jpg,Cohesive,0.09009467230902778,0.1115993923611111,0.044637044270833336,0.06968180338541667,0.06220838758680555,0.1005859375,0.07856580946180555,0.09790717230902778,0.1097073025173611,0.2350124782986111
Calcium phosphate dibasic_19mm.jpg,Cohesive,0.0896877712673611,0.11016167534722222,0.044047037760416664,0.07035319010416667,0.06264241536458333,0.1028713650173611,0.0788845486111111,0.09596761067708333,0.1090359157986111,0.23634847005208334
Calcium phosphate dibasic_19mm.jpg,Cohesive,0.08861626519097222,0.1118503146701389,0.044609917534722224,0.07085503472222222,0.061150444878472224,0.09947374131944445,0.0791286892361111,0.09620496961805555,0.10955132378472222,0.2385592990451389
Calcium phosphate dibasic_19mm.jpg,Cohesive,0.08867730034722222,0.11095513237847222,0.045918782552083336,0.0698513454861111,0.0616455078125,0.09907362196180555,0.07981363932291667,0.0968017578125,0.11191813151041667,0.2353447808159722
Calcium phosphate dibasic_19mm.jpg,Cohesive,0.08728705512152778,0.10896131727430555,0.04454210069444445,0.07118733723958333,0.06207275390625,0.10056559244791667,0.08037651909722222,0.09674072265625,0.11151801215277778,0.2367485894097222
Calcium phosphate dibasic_19mm.jpg,Cohesive,0.09052870008680555,0.11246744791666667,0.04612901475694445,0.06937662760416667,0.060967339409722224,0.10169813368055555,0.07871500651041667,0.09635416666666667,0.1087985568576389,0.23496500651041666
Calcium phosphate dibasic_19mm.jpg,Cohesive,0.08922661675347222,0.1128879123263889,0.04559326171875,0.06889512803819445,0.06075710720486111,0.09807671440972222,0.0775146484375,0.09562174479166667,0.11168077256944445,0.23974609375
Calcium phosphate dibasic_19mm.jpg,Cohesive,0.08943684895833333,0.11075846354166667,0.04678005642361111,0.07117377387152778,0.05986192491319445,0.09690348307291667,0.07722981770833333,0.0971408420138889,0.1122097439236111,0.23850504557291666
Calcium phosphate dibasic_19mm.jpg,Cohesive,0.0880466037326389,0.11128065321180555,0.04592556423611111,0.0718994140625,0.06214735243055555,0.09965684678819445,0.07862684461805555,0.09519449869791667,0.11163330078125,0.2355889214409722
Calcium phosphate dibasic_19mm.jpg,Cohesive,0.08782280815972222,0.1111721462673611,0.046440972222222224,0.07194688585069445,0.06135389539930555,0.10080973307291667,0.07805718315972222,0.0952419704861111,0.11054823133680555,0.2366061740451389
Calcium phosphate dibasic_19mm.jpg,Cohesive,0.081787109375,0.10658094618055555,0.040839301215277776,0.07068549262152778,0.06143527560763889,0.10466851128472222,0.07832845052083333,0.09844970703125,0.12678358289930555,0.2304416232638889
1-Octadecanol.jpg,Cohesive,0.049933539496527776,0.08021375868055555,0.024251302083333332,0.07752143012152778,0.06919352213541667,0.1565890842013889,0.08017985026041667,0.11229112413194445,0.18050130208333334,0.16932508680555555
1-Octadecanol.jpg,Cohesive,0.051554361979166664,0.08277723524305555,0.024244520399305556,0.07633463541666667,0.0689968532986111,0.1549140082465278,0.08057318793402778,0.1109958224826389,0.17649332682291666,0.17311604817708334
1-Octadecanol.jpg,Cohesive,0.04949951171875,0.08172607421875,0.02362060546875,0.0762668185763889,0.0682712131076389,0.1559176974826389,0.0795559353298611,0.10981580946180555,0.1854315863715278,0.1698947482638889
1-Octadecanol.jpg,Cohesive,0.049506293402777776,0.08147515190972222,0.023817274305555556,0.07756212022569445,0.0680202907986111,0.1532253689236111,0.07820638020833333,0.10930718315972222,0.1842041015625,0.1746758355034722
1-Octadecanol.jpg,Cohesive,0.05080837673611111,0.08110215928819445,0.024251302083333332,0.07709418402777778,0.07134331597222222,0.15464274088541666,0.0802951388888889,0.1114841037326389,0.17762586805555555,0.1713528103298611
1-Octadecanol.jpg,Cohesive,0.050652398003472224,0.08256700303819445,0.023457845052083332,0.07579210069444445,0.07044813368055555,0.1538153754340278,0.07999674479166667,0.1119723849826389,0.1796603732638889,0.1716376410590278
1-Octadecanol.jpg,Cohesive,0.04762098524305555,0.08246527777777778,0.0223388671875,0.076171875,0.06974283854166667,0.1563788519965278,0.07813178168402778,0.10926649305555555,0.1854790581597222,0.17240397135416666
1-Octadecanol.jpg,Cohesive,0.04975721571180555,0.08143446180555555,0.022271050347222224,0.07813856336805555,0.06938340928819445,0.15422227647569445,0.07727728949652778,0.11006673177083333,0.18341064453125,0.1740383572048611
1-Octadecanol.jpg,Cohesive,0.05160861545138889,0.0802001953125,0.024509006076388888,0.07757568359375,0.07078043619791667,0.15606689453125,0.07994927300347222,0.11055501302083333,0.17662217881944445,0.17213270399305555
1-Octadecanol.jpg,Cohesive,0.05029296875,0.0803561740451389,0.023735894097222224,0.07631429036458333,0.07065836588541667,0.1568264431423611,0.07971869574652778,0.1103515625,0.18330891927083334,0.16843668619791666
1-Octadecanol.jpg,Cohesive,0.046875,0.08226182725694445,0.023579915364583332,0.07667371961805555,0.07008192274305555,0.15531412760416666,0.07880316840277778,0.11149088541666667,0.1861233181423611,0.1687961154513889
1-Octadecanol.jpg,Cohesive,0.049214680989583336,0.08152940538194445,0.023776584201388888,0.07679578993055555,0.0687255859375,0.1513739691840278,0.0782809787326389,0.1088595920138889,0.1851264105902778,0.17631700303819445
1-Octadecanol.jpg,Cohesive,0.052239312065972224,0.08223470052083333,0.02606201171875,0.07875569661458333,0.06995985243055555,0.1531304253472222,0.0804172092013889,0.11126708984375,0.1660224066840278,0.17991129557291666
1-Octadecanol.jpg,Cohesive,0.05160861545138889,0.0811428493923611,0.023661295572916668,0.0770534939236111,0.07069905598958333,0.1540595160590278,0.07892523871527778,0.11149766710069445,0.1783379448784722,0.17301432291666666
1-Octadecanol.jpg,Cohesive,0.04722764756944445,0.0804714626736111,0.022671169704861112,0.0775485568576389,0.0711669921875,0.15509033203125,0.07787407769097222,0.11097547743055555,0.1858791775173611,0.17109510633680555
1-Octadecanol.jpg,Cohesive,0.04681396484375,0.08128526475694445,0.022406684027777776,0.0782199435763889,0.06789143880208333,0.15272352430555555,0.07715521918402778,0.1081814236111111,0.1907280815972222,0.1745944552951389
Caffeine_15mm.jpg,Cohesive,0.08781602647569445,0.10648600260416667,0.0389404296875,0.07203504774305555,0.06371392144097222,0.12090386284722222,0.0799289279513889,0.0989990234375,0.10624186197916667,0.22493489583333334
