ImageId,Classe,Feature_LBP_1,Feature_LBP_2,Feature_LBP_3,Feature_LBP_4,Feature_LBP_5,Feature_LBP_6,Feature_LBP_7,Feature_LBP_8,Feature_LBP_9,Feature_LBP_10
Parteck 50.jpg,Cohesive,0.08106825086805555,0.09810384114583333,0.030219184027777776,0.056355794270833336,0.052910698784722224,0.1068996853298611,0.07915581597222222,0.11104329427083333,0.1706882052951389,0.2135552300347222
Parteck 50.jpg,Cohesive,0.09047444661458333,0.1000094943576389,0.031975640190972224,0.053521050347222224,0.05140516493055555,0.10875786675347222,0.07648383246527778,0.1112399631076389,0.15974934895833334,0.21638319227430555
Parteck 50.jpg,Cohesive,0.09013536241319445,0.1005520290798611,0.03272840711805555,0.05354139539930555,0.05313449435763889,0.11073133680555555,0.07606336805555555,0.1085476345486111,0.15854899088541666,0.21601698133680555
Parteck 50.jpg,Cohesive,0.0929226345486111,0.10051133897569445,0.03350830078125,0.0535888671875,0.056389702690972224,0.11371527777777778,0.07714165581597222,0.10947672526041667,0.15028889973958334,0.2124565972222222
Parteck 50.jpg,Cohesive,0.09229193793402778,0.09979248046875,0.033515082465277776,0.05356174045138889,0.05410427517361111,0.1124606662326389,0.07739935980902778,0.10820176866319445,0.15309651692708334,0.215576171875
Parteck 50.jpg,Cohesive,0.09163411458333333,0.10160319010416667,0.032158745659722224,0.051350911458333336,0.05329725477430555,0.1100124782986111,0.076904296875,0.1098904079861111,0.1558498806423611,0.21729871961805555
Parteck 50.jpg,Cohesive,0.08190239800347222,0.09688313802083333,0.031019422743055556,0.05502658420138889,0.049825032552083336,0.10563829210069445,0.08000352647569445,0.11170111762152778,0.17130533854166666,0.21669514973958334
Parteck 50.jpg,Cohesive,0.0852322048611111,0.09754096137152778,0.032111273871527776,0.05398898654513889,0.053120930989583336,0.1065402560763889,0.07842339409722222,0.11126708984375,0.16715494791666666,0.21461995442708334
Parteck 50.jpg,Cohesive,0.0917629665798611,0.09996202256944445,0.03293185763888889,0.053751627604166664,0.052802191840277776,0.10826280381944445,0.07737901475694445,0.1105617947048611,0.1546291775173611,0.21795654296875
Parteck 50.jpg,Cohesive,0.09278021918402778,0.10216606987847222,0.03312852647569445,0.051228841145833336,0.05419921875,0.11070421006944445,0.07554796006944445,0.11033799913194445,0.1511773003472222,0.21872965494791666
Parteck 50.jpg,Cohesive,0.09322102864583333,0.10074869791666667,0.03401014539930555,0.053995768229166664,0.05607774522569445,0.11110432942708333,0.07545979817708333,0.10811360677083333,0.1512112087673611,0.2160576714409722
Parteck 50.jpg,Cohesive,0.0936550564236111,0.1006130642361111,0.03311496310763889,0.051961263020833336,0.05438232421875,0.11260308159722222,0.07646348741319445,0.10850694444444445,0.1530083550347222,0.2156914605034722
Parteck 50.jpg,Cohesive,0.09233940972222222,0.1002197265625,0.03205702039930555,0.053534613715277776,0.05317518446180555,0.1105075412326389,0.0777587890625,0.10813395182291667,0.15382893880208334,0.21844482421875
Parteck 50.jpg,Cohesive,0.08282470703125,0.09663899739583333,0.030049641927083332,0.05539279513888889,0.05116102430555555,0.10649956597222222,0.07895914713541667,0.1101955837673611,0.1730414496527778,0.2152370876736111
Parteck 50.jpg,Cohesive,0.0833468967013889,0.09792073567708333,0.032002766927083336,0.05571153428819445,0.052164713541666664,0.10646565755208333,0.07865397135416667,0.10962592230902778,0.1689114040798611,0.21519639756944445
Parteck 50.jpg,Cohesive,0.09049479166666667,0.09926350911458333,0.03348117404513889,0.05257839626736111,0.05413818359375,0.10943603515625,0.07684326171875,0.1093410915798611,0.15720621744791666,0.2172173394097222
Parteck 50.jpg,Cohesive,0.09269205729166667,0.10016547309027778,0.032097710503472224,0.054097493489583336,0.0557861328125,0.1114773220486111,0.07618543836805555,0.10880533854166667,0.1526760525173611,0.21601698133680555
Parteck 50.jpg,Cohesive,0.09374321831597222,0.1013522677951389,0.03280978732638889,0.0526123046875,0.053690592447916664,0.1129421657986111,0.07619222005208333,0.10948350694444445,0.14990234375,0.21727159288194445
Parteck 50.jpg,Cohesive,0.09352620442708333,0.10175916883680555,0.033806694878472224,0.05280897352430555,0.05360243055555555,0.11284722222222222,0.07570393880208333,0.10822211371527778,0.15095350477430555,0.2167697482638889
Parteck 50.jpg,Cohesive,0.0913967556423611,0.10017903645833333,0.032877604166666664,0.053643120659722224,0.0538330078125,0.1128268771701389,0.0766262478298611,0.10955132378472222,0.15220811631944445,0.21685791015625
Parteck 50.jpg,Cohesive,0.0810546875,0.09853108723958333,0.029439290364583332,0.0555419921875,0.04996066623263889,0.10603841145833333,0.07984076605902778,0.11155870225694445,0.17132568359375,0.2167087131076389
Parteck 50.jpg,Cohesive,0.07982720269097222,0.09901258680555555,0.03126356336805555,0.05609130859375,0.052117241753472224,0.1051974826388889,0.07942030164930555,0.11061604817708333,0.17222764756944445,0.2142266167534722
Parteck 50.jpg,Cohesive,0.08924018012152778,0.09966362847222222,0.03236219618055555,0.05392795138888889,0.052788628472222224,0.1107516818576389,0.07869466145833333,0.1090969509548611,0.15760633680555555,0.21586778428819445
Parteck 50.jpg,Cohesive,0.09090169270833333,0.1011691623263889,0.032341851128472224,0.05324978298611111,0.05392116970486111,0.11098225911458333,0.0775146484375,0.10877821180555555,0.1539238823784722,0.2172173394097222
Parteck 50.jpg,Cohesive,0.0905490451388889,0.1018337673611111,0.03201633029513889,0.05289035373263889,0.054443359375,0.11252848307291667,0.07701280381944445,0.1092868381076389,0.15361192491319445,0.2158270941840278
Parteck 50.jpg,Cohesive,0.09216986762152778,0.10120307074652778,0.03236219618055555,0.05368381076388889,0.05272081163194445,0.1105617947048611,0.07789442274305555,0.10821533203125,0.1531914605034722,0.21799723307291666
Parteck 50.jpg,Cohesive,0.08989800347222222,0.09874131944444445,0.031792534722222224,0.05324978298611111,0.05085584852430555,0.10841878255208333,0.077880859375,0.11010064019097222,0.16063096788194445,0.21843126085069445
Parteck 50.jpg,Cohesive,0.07682969835069445,0.0960422092013889,0.028876410590277776,0.05728488498263889,0.050455729166666664,0.10441080729166667,0.07993570963541667,0.1112942165798611,0.17926025390625,0.2156100802951389
Parteck 50.jpg,Cohesive,0.0782809787326389,0.09718831380208333,0.030198838975694444,0.056986490885416664,0.05279541015625,0.10554334852430555,0.079833984375,0.1126980251736111,0.1752861870659722,0.2111884223090278
Parteck 50.jpg,Cohesive,0.08821614583333333,0.09874810112847222,0.03265380859375,0.05531141493055555,0.052788628472222224,0.11002604166666667,0.07746039496527778,0.10962592230902778,0.16029866536458334,0.2148708767361111
Parteck 50.jpg,Cohesive,0.09171549479166667,0.09969075520833333,0.032294379340277776,0.05319552951388889,0.053385416666666664,0.10986328125,0.07747395833333333,0.1103176540798611,0.1544189453125,0.2176445855034722
Parteck 50.jpg,Cohesive,0.09172227647569445,0.10090467664930555,0.0333251953125,0.05246310763888889,0.054219563802083336,0.1102634006076389,0.0772365993923611,0.10932074652777778,0.1544528537326389,0.2160915798611111
Parteck 50.jpg,Cohesive,0.08759901258680555,0.09962972005208333,0.03270128038194445,0.053643120659722224,0.05186631944444445,0.11014811197916667,0.07682969835069445,0.10942247178819445,0.16058349609375,0.21757676866319445
Parteck 50.jpg,Cohesive,0.08418782552083333,0.09850396050347222,0.030992296006944444,0.05514187282986111,0.0509033203125,0.10618082682291667,0.07953559027777778,0.11121961805555555,0.16703965928819445,0.21629503038194445
Parteck 50.jpg,Cohesive,0.07062445746527778,0.09604899088541667,0.028611924913194444,0.058417426215277776,0.05029296875,0.10492621527777778,0.08208550347222222,0.11170789930555555,0.18553331163194445,0.21175130208333334
Parteck 50.jpg,Cohesive,0.07529703776041667,0.0977511935763889,0.030476888020833332,0.0572509765625,0.05142550998263889,0.10469563802083333,0.07964409722222222,0.11014811197916667,0.17765977647569445,0.21565077039930555
Parteck 50.jpg,Cohesive,0.08241102430555555,0.0984157986111111,0.030985514322916668,0.054924858940972224,0.052802191840277776,0.10709635416666667,0.07862006293402778,0.11195203993055555,0.1684638129340278,0.2143283420138889
Parteck 50.jpg,Cohesive,0.08868408203125,0.10030110677083333,0.03178575303819445,0.054206000434027776,0.05464002821180555,0.10947672526041667,0.07752143012152778,0.11049397786458333,0.15659586588541666,0.21629503038194445
Parteck 50.jpg,Cohesive,0.08928087022569445,0.0985107421875,0.033135308159722224,0.052958170572916664,0.05201551649305555,0.1097683376736111,0.07659233940972222,0.10999891493055555,0.16050889756944445,0.2172309027777778
Parteck 50.jpg,Cohesive,0.08957926432291667,0.10009765625,0.032063802083333336,0.0526123046875,0.05177137586805555,0.10933430989583333,0.07771131727430555,0.1087985568576389,0.15965440538194445,0.2183770073784722
Parteck 50.jpg,Cohesive,0.08085123697916667,0.09678819444444445,0.03070068359375,0.056437174479166664,0.05183241102430555,0.10748291015625,0.07952202690972222,0.11042616102430555,0.17140706380208334,0.21455213758680555
Parteck 50.jpg,Cohesive,0.0685085720486111,0.09503173828125,0.028666178385416668,0.06086561414930555,0.051676432291666664,0.1067776150173611,0.07923719618055555,0.11293538411458333,0.18812391493055555,0.20817735460069445
Parteck 50.jpg,Cohesive,0.06831190321180555,0.09520128038194445,0.028361002604166668,0.06126573350694445,0.05040147569444445,0.10420057508680555,0.08202446831597222,0.11065673828125,0.1881781684027778,0.2113986545138889
Parteck 50.jpg,Cohesive,0.07328287760416667,0.09559461805555555,0.029520670572916668,0.05837673611111111,0.05064561631944445,0.10402425130208333,0.08062744140625,0.11277940538194445,0.1805962456597222,0.21455213758680555
Parteck 50.jpg,Cohesive,0.08270941840277778,0.09765625,0.030971950954861112,0.056111653645833336,0.051689995659722224,0.10670301649305555,0.0792507595486111,0.1110568576388889,0.16943359375,0.21441650390625
Parteck 50.jpg,Cohesive,0.08905029296875,0.09880913628472222,0.032633463541666664,0.05402967664930555,0.05203586154513889,0.1082492404513889,0.07721625434027778,0.11060926649305555,0.16035970052083334,0.2170071072048611
Parteck 50.jpg,Cohesive,0.08079020182291667,0.09730360243055555,0.0308837890625,0.055596245659722224,0.050394694010416664,0.10492621527777778,0.07939317491319445,0.11220296223958333,0.1711697048611111,0.2173394097222222
Parteck 50.jpg,Cohesive,0.07088216145833333,0.09436713324652778,0.028828938802083332,0.061136881510416664,0.05081515842013889,0.1034884982638889,0.08150227864583333,0.11273871527777778,0.18379041883680555,0.21244981553819445
Parteck 50.jpg,Cohesive,0.06104871961805555,0.0931667751736111,0.028001573350694444,0.06406656901041667,0.05116102430555555,0.106201171875,0.0833401150173611,0.11041937934027778,0.19676378038194445,0.20583089192708334
Mowiol 18-88.jpg,Cohesive,0.04884168836805555,0.089111328125,0.025485568576388888,0.06963433159722222,0.05250379774305555,0.10589599609375,0.08673095703125,0.1103244357638889,0.2105373806423611,0.2009345160590278
Mowiol 18-88.jpg,Cohesive,0.048543294270833336,0.08814154730902778,0.025614420572916668,0.06981743706597222,0.052788628472222224,0.10615370008680555,0.08681233723958333,0.11003282335069445,0.21076795789930555,0.2013278537326389
Mowiol 18-88.jpg,Cohesive,0.04826524522569445,0.0879855685763889,0.026028103298611112,0.0725979275173611,0.05386013454861111,0.1068115234375,0.08648681640625,0.1102634006076389,0.2091335720486111,0.19856770833333334
Mowiol 18-88.jpg,Cohesive,0.047064887152777776,0.08766004774305555,0.025614420572916668,0.07215711805555555,0.056877983940972224,0.1061672634548611,0.08595106336805555,0.1092868381076389,0.21048990885416666,0.19873046875
Mowiol 18-88.jpg,Cohesive,0.04793972439236111,0.0889553493923611,0.025770399305555556,0.06919352213541667,0.05367702907986111,0.10767957899305555,0.08579508463541667,0.11110432942708333,0.20920817057291666,0.2006768120659722
Mowiol 18-88.jpg,Cohesive,0.04741075303819445,0.0889621310763889,0.025607638888888888,0.07173665364583333,0.0528564453125,0.10662163628472222,0.0872531467013889,0.1098904079861111,0.2111138237847222,0.19854736328125
Mowiol 18-88.jpg,Cohesive,0.047159830729166664,0.08931477864583333,0.024990505642361112,0.07114664713541667,0.05218505859375,0.10491265190972222,0.08571370442708333,0.10985649956597222,0.2135077582465278,0.20121256510416666
Mowiol 18-88.jpg,Cohesive,0.04814317491319445,0.09004720052083333,0.025668674045138888,0.0708957248263889,0.05343288845486111,0.10504150390625,0.08650037977430555,0.1104465060763889,0.20854356553819445,0.20128038194444445
Mowiol 18-88.jpg,Cohesive,0.04765489366319445,0.08898247612847222,0.025370279947916668,0.07097032335069445,0.051276312934027776,0.1067843967013889,0.08806016710069445,0.10890706380208333,0.21110704210069445,0.20088704427083334
Mowiol 18-88.jpg,Cohesive,0.04793972439236111,0.0885348849826389,0.026353624131944444,0.07310655381944445,0.056342230902777776,0.1070285373263889,0.08546956380208333,0.11061604817708333,0.2062310112847222,0.19837782118055555
Mowiol 18-88.jpg,Cohesive,0.04875352647569445,0.08808051215277778,0.026570638020833332,0.07049560546875,0.052754720052083336,0.10523139105902778,0.0865749782986111,0.10833062065972222,0.21129014756944445,0.20191786024305555
Mowiol 18-88.jpg,Cohesive,0.048197428385416664,0.08971489800347222,0.02545166015625,0.07044813368055555,0.054545084635416664,0.10725233289930555,0.0862698025173611,0.11070421006944445,0.2083401150173611,0.19907633463541666
Mowiol 18-88.jpg,Cohesive,0.04861111111111111,0.0884670681423611,0.025682237413194444,0.07224527994791667,0.054097493489583336,0.1065334743923611,0.0868259006076389,0.1101955837673611,0.2083197699652778,0.19902208116319445
Mowiol 18-88.jpg,Cohesive,0.0477294921875,0.08823649088541667,0.025872124565972224,0.07171630859375,0.05593532986111111,0.10472276475694445,0.0854763454861111,0.1105075412326389,0.20888264973958334,0.2009209526909722
Mowiol 18-88.jpg,Cohesive,0.04793972439236111,0.08922661675347222,0.026312934027777776,0.07073974609375,0.05320909288194445,0.1052585177951389,0.08574083116319445,0.10901557074652778,0.21126302083333334,0.2012939453125
Mowiol 18-88.jpg,Cohesive,0.048407660590277776,0.08953857421875,0.025648328993055556,0.07086859809027778,0.05319552951388889,0.1064792209201389,0.08653428819444445,0.11079915364583333,0.20762125651041666,0.20090738932291666
Mowiol 18-88.jpg,Cohesive,0.048441569010416664,0.08917236328125,0.026645236545138888,0.0726047092013889,0.05783420138888889,0.1067843967013889,0.0854220920138889,0.10999213324652778,0.2047186957465278,0.19838460286458334
Mowiol 18-88.jpg,Cohesive,0.048055013020833336,0.08982340494791667,0.026156955295138888,0.0696139865451389,0.054646809895833336,0.10619439019097222,0.08550347222222222,0.10996500651041667,0.20930311414930555,0.2007378472222222
Mowiol 18-88.jpg,Cohesive,0.048055013020833336,0.08858235677083333,0.027303059895833332,0.07108561197916667,0.05411105685763889,0.10536702473958333,0.08680555555555555,0.11024983723958333,0.20989990234375,0.1985405815972222
Mowiol 18-88.jpg,Cohesive,0.0482177734375,0.08934190538194445,0.026557074652777776,0.0709567599826389,0.05394151475694445,0.10523817274305555,0.08568657769097222,0.1092258029513889,0.21028645833333334,0.20054796006944445
Mowiol 18-88.jpg,Cohesive,0.04758029513888889,0.08915201822916667,0.025322808159722224,0.07014973958333333,0.05209689670138889,0.1045871310763889,0.08551025390625,0.11058213975694445,0.21439615885416666,0.20062255859375
Mowiol 18-88.jpg,Cohesive,0.047492133246527776,0.09050157335069445,0.025689019097222224,0.06920708550347222,0.053398980034722224,0.10552978515625,0.08583577473958333,0.11030409071180555,0.2097100151909722,0.20233154296875
Mowiol 18-88.jpg,Cohesive,0.04768202039930555,0.0890163845486111,0.025566948784722224,0.07151963975694445,0.054633246527777776,0.10630967881944445,0.08626302083333333,0.1096530490451389,0.2085910373263889,0.20076497395833334
Mowiol 18-88.jpg,Cohesive,0.04962158203125,0.08793809678819445,0.027262369791666668,0.07215033637152778,0.05601671006944445,0.10601128472222222,0.08677164713541667,0.10942925347222222,0.20562744140625,0.19917127821180555
Mowiol 18-88.jpg,Cohesive,0.04774305555555555,0.0885959201388889,0.02569580078125,0.07105848524305555,0.05577256944444445,0.10724555121527778,0.08589002821180555,0.10887993706597222,0.20884874131944445,0.20026991102430555
Mowiol 18-88.jpg,Cohesive,0.048543294270833336,0.08972846137152778,0.0262451171875,0.07105848524305555,0.055277506510416664,0.10563829210069445,0.086181640625,0.10970052083333333,0.2072482638888889,0.20037841796875
Mowiol 18-88.jpg,Cohesive,0.047465006510416664,0.08997938368055555,0.02685546875,0.0716281467013889,0.062140570746527776,0.1051907009548611,0.08479817708333333,0.1095920138888889,0.2057766384548611,0.19657389322916666
Mowiol 18-88.jpg,Cohesive,0.046427408854166664,0.08772108289930555,0.025065104166666668,0.07154676649305555,0.061543782552083336,0.1074490017361111,0.08405219184027778,0.10831705729166667,0.21074083116319445,0.1971367730034722
Mowiol 18-88.jpg,Cohesive,0.048441569010416664,0.0895114474826389,0.025594075520833332,0.0701565212673611,0.05276150173611111,0.10698784722222222,0.08759223090277778,0.1102023654513889,0.20796034071180555,0.20079210069444445
Mowiol 18-88.jpg,Cohesive,0.04800075954861111,0.08924696180555555,0.025777180989583332,0.0724216037326389,0.054931640625,0.10532633463541667,0.08576117621527778,0.10966661241319445,0.20927598741319445,0.1995917426215278
Mowiol 18-88.jpg,Cohesive,0.04635281032986111,0.08477783203125,0.026028103298611112,0.07512071397569445,0.07811143663194445,0.11017523871527778,0.08441162109375,0.104736328125,0.19734022352430555,0.19294569227430555
Mowiol 18-88.jpg,Cohesive,0.04808213975694445,0.08909776475694445,0.025919596354166668,0.07023790147569445,0.05415174696180555,0.10670979817708333,0.08626302083333333,0.11119927300347222,0.2086181640625,0.19972059461805555
Mowiol 18-88.jpg,Cohesive,0.04806857638888889,0.0874362521701389,0.026869032118055556,0.0730862087673611,0.06132676866319445,0.10676405164930555,0.08552381727430555,0.10888671875,0.20283338758680555,0.19920518663194445
Mowiol 18-88.jpg,Cohesive,0.048095703125,0.089599609375,0.025431315104166668,0.07099745008680555,0.05314805772569445,0.1055636935763889,0.08606635199652778,0.11009385850694445,0.2101169162326389,0.20088704427083334
Mowiol 18-88.jpg,Cohesive,0.046624077690972224,0.08890787760416667,0.025322808159722224,0.07145182291666667,0.052469889322916664,0.10640462239583333,0.0854763454861111,0.1104736328125,0.21392822265625,0.1989407009548611
Mowiol 18-88.jpg,Cohesive,0.04871961805555555,0.0889621310763889,0.026468912760416668,0.07000054253472222,0.053168402777777776,0.10527208116319445,0.08576117621527778,0.1099853515625,0.20905897352430555,0.2026028103298611
Mowiol 18-88.jpg,Cohesive,0.04843478732638889,0.08831787109375,0.025729709201388888,0.0721706814236111,0.05595567491319445,0.1070895724826389,0.08550347222222222,0.11016167534722222,0.2065768771701389,0.20005967881944445
Mowiol 18-88.jpg,Cohesive,0.04824490017361111,0.08789740668402778,0.026774088541666668,0.07258436414930555,0.060845269097222224,0.10682508680555555,0.08598497178819445,0.1074490017361111,0.20445421006944445,0.1989407009548611
Mowiol 18-88.jpg,Cohesive,0.04881456163194445,0.08878580729166667,0.025872124565972224,0.07140435112847222,0.052408854166666664,0.10541449652777778,0.0853000217013889,0.10965983072916667,0.2098727756076389,0.20246717664930555
Mowiol 18-88.jpg,Cohesive,0.048421223958333336,0.08801947699652778,0.026604546440972224,0.07161458333333333,0.05556911892361111,0.10539415147569445,0.08814832899305555,0.10936821831597222,0.20875379774305555,0.19810655381944445
Mowiol 18-88.jpg,Cohesive,0.04751247829861111,0.0899997287326389,0.026068793402777776,0.07076009114583333,0.053704155815972224,0.10566541883680555,0.08544243706597222,0.10896809895833333,0.2100151909722222,0.20186360677083334
Mowiol 18-88.jpg,Cohesive,0.04896375868055555,0.08762613932291667,0.026299370659722224,0.06939019097222222,0.052863226996527776,0.1057467990451389,0.08593071831597222,0.10883924696180555,0.2135687934027778,0.2007717556423611
Mowiol 18-88.jpg,Cohesive,0.048516167534722224,0.08863661024305555,0.025919596354166668,0.07096354166666667,0.056009928385416664,0.10680474175347222,0.085205078125,0.10919867621527778,0.20817735460069445,0.2005683051215278
Mowiol 18-88.jpg,Cohesive,0.04777696397569445,0.0876803927951389,0.027187771267361112,0.07264539930555555,0.056572808159722224,0.1067776150173611,0.0853271484375,0.10999891493055555,0.2069634331597222,0.1990695529513889
Mowiol 18-88.jpg,Cohesive,0.048638237847222224,0.08884684244791667,0.02691650390625,0.07215033637152778,0.056681315104166664,0.10628255208333333,0.0854763454861111,0.1093410915798611,0.20672607421875,0.1989407009548611
Mowiol 18-88.jpg,Cohesive,0.04853651258680555,0.08790418836805555,0.026496039496527776,0.07246907552083333,0.054253472222222224,0.1061130099826389,0.08597819010416667,0.10980902777777778,0.2088894314236111,0.1995510525173611
Mowiol 18-88.jpg,Cohesive,0.04817030164930555,0.08821614583333333,0.026448567708333332,0.07270643446180555,0.056830512152777776,0.10645887586805555,0.08705647786458333,0.1084933810763889,0.2054782443576389,0.2001410590277778
Mowiol 18-88.jpg,Cohesive,0.047465006510416664,0.08921305338541667,0.025458441840277776,0.07057020399305555,0.053521050347222224,0.10850694444444445,0.086181640625,0.11020914713541667,0.2073703342013889,0.2015041775173611
Mowiol 18-88.jpg,Cohesive,0.04754638671875,0.0900539822048611,0.025356716579861112,0.07166205512152778,0.05253770616319445,0.1053738064236111,0.08686659071180555,0.10987006293402778,0.21125623914930555,0.19947645399305555
Cetyl alcohol.jpg,Cohesive,0.07899305555555555,0.09541829427083333,0.029778374565972224,0.057854546440972224,0.05572509765625,0.10369873046875,0.0795559353298611,0.11058213975694445,0.174072265625,0.2143215603298611
Cetyl alcohol.jpg,Cohesive,0.07489691840277778,0.09526909722222222,0.029201931423611112,0.060662163628472224,0.056816948784722224,0.10486518012152778,0.0787692599826389,0.11201985677083333,0.17719862196180555,0.2103000217013889
Cetyl alcohol.jpg,Cohesive,0.07415771484375,0.09400770399305555,0.028964572482638888,0.062479654947916664,0.05795627170138889,0.1078152126736111,0.08045789930555555,0.1117892795138889,0.17608642578125,0.20628526475694445
Cetyl alcohol.jpg,Cohesive,0.07334391276041667,0.09205457899305555,0.029459635416666668,0.061408148871527776,0.05811903211805555,0.10643853081597222,0.07952202690972222,0.11090766059027778,0.17875162760416666,0.2099948459201389
Cetyl alcohol.jpg,Cohesive,0.0725368923611111,0.094482421875,0.028842502170138888,0.05984836154513889,0.05459933810763889,0.1040920681423611,0.08055962456597222,0.11096869574652778,0.18011474609375,0.2139553493923611
Cetyl alcohol.jpg,Cohesive,0.0751003689236111,0.09398735894097222,0.030171712239583332,0.05893283420138889,0.05341932508680555,0.1049465603298611,0.080078125,0.11091444227430555,0.17791748046875,0.2145317925347222
Cetyl alcohol.jpg,Cohesive,0.08234320746527778,0.0963473849826389,0.029195149739583332,0.05714246961805555,0.05319552951388889,0.1048312717013889,0.08045111762152778,0.11071099175347222,0.16935899522569445,0.2164238823784722
Cetyl alcohol.jpg,Cohesive,0.07432047526041667,0.09459092881944445,0.029690212673611112,0.058539496527777776,0.053975423177083336,0.10595024956597222,0.08192952473958333,0.11244710286458333,0.17622884114583334,0.21232774522569445
Cetyl alcohol.jpg,Cohesive,0.07185872395833333,0.0942111545138889,0.029588487413194444,0.06175401475694445,0.057013617621527776,0.1056179470486111,0.0787014431423611,0.111328125,0.1796535915798611,0.2102728949652778
Cetyl alcohol.jpg,Cohesive,0.07830132378472222,0.0948486328125,0.03076171875,0.060465494791666664,0.058525933159722224,0.10615370008680555,0.08001708984375,0.11134168836805555,0.17131212022569445,0.20827229817708334
Cetyl alcohol.jpg,Cohesive,0.07575819227430555,0.09541151258680555,0.030327690972222224,0.05915662977430555,0.056891547309027776,0.10485161675347222,0.0800509982638889,0.11076524522569445,0.1751166449652778,0.211669921875
Cetyl alcohol.jpg,Cohesive,0.07347954644097222,0.0948147243923611,0.029629177517361112,0.06094699435763889,0.05638292100694445,0.10514322916666667,0.08032904730902778,0.11064995659722222,0.1786770290798611,0.20994737413194445
Cetyl alcohol.jpg,Cohesive,0.07314046223958333,0.09376356336805555,0.030097113715277776,0.06068250868055555,0.055074055989583336,0.10619439019097222,0.08056640625,0.11071099175347222,0.17832438151041666,0.21144612630208334
Cetyl alcohol.jpg,Cohesive,0.0818820529513889,0.0966796875,0.030598958333333332,0.05613878038194445,0.052741156684027776,0.1029324001736111,0.08009847005208333,0.11174858940972222,0.1692165798611111,0.2179633246527778
Cetyl alcohol.jpg,Cohesive,0.07585313585069445,0.0940280490451389,0.030409071180555556,0.05990261501736111,0.05586073133680555,0.10422770182291667,0.0794406467013889,0.11020914713541667,0.17652723524305555,0.21354166666666666
Cetyl alcohol.jpg,Cohesive,0.0730251736111111,0.09352620442708333,0.029595269097222224,0.06181504991319445,0.05770534939236111,0.10650634765625,0.07889811197916667,0.11170111762152778,0.17918565538194445,0.2080417209201389
Cetyl alcohol.jpg,Cohesive,0.07731119791666667,0.0961642795138889,0.031168619791666668,0.060614691840277776,0.058736165364583336,0.1046481662326389,0.0784640842013889,0.11109076605902778,0.1704033745659722,0.2113986545138889
Cetyl alcohol.jpg,Cohesive,0.07657877604166667,0.09400770399305555,0.030551486545138888,0.060750325520833336,0.05672878689236111,0.10389539930555555,0.07957628038194445,0.11183675130208333,0.1738349066840278,0.21223958333333334
Cetyl alcohol.jpg,Cohesive,0.07314046223958333,0.09503173828125,0.029819064670138888,0.061686197916666664,0.05621337890625,0.1046481662326389,0.08115641276041667,0.11191813151041667,0.1758355034722222,0.21055094401041666
Cetyl alcohol.jpg,Cohesive,0.07472059461805555,0.09428575303819445,0.029744466145833332,0.06016710069444445,0.054816351996527776,0.10449896918402778,0.0799831814236111,0.1124606662326389,0.1774563259548611,0.21186659071180555
Cetyl alcohol.jpg,Cohesive,0.08003743489583333,0.09552680121527778,0.03057861328125,0.05691867404513889,0.052849663628472224,0.10362413194444445,0.0794338650173611,0.11219618055555555,0.1732516818576389,0.2155829535590278
Cetyl alcohol.jpg,Cohesive,0.0760158962673611,0.09446885850694445,0.030775282118055556,0.05986192491319445,0.055792914496527776,0.10438368055555555,0.08002387152777778,0.1121826171875,0.1756049262152778,0.21089002821180555
Cetyl alcohol.jpg,Cohesive,0.07338460286458333,0.0940212673611111,0.030049641927083332,0.06008572048611111,0.05634901258680555,0.10469563802083333,0.08133951822916667,0.11109076605902778,0.1790500217013889,0.2099338107638889
Cetyl alcohol.jpg,Cohesive,0.07453070746527778,0.0943874782986111,0.030619303385416668,0.06001112196180555,0.058329264322916664,0.1066012912326389,0.08037651909722222,0.10938856336805555,0.1744452582465278,0.2113104926215278
Cetyl alcohol.jpg,Cohesive,0.07377115885416667,0.0934787326388889,0.029764811197916668,0.06106228298611111,0.055623372395833336,0.10546875,0.08148871527777778,0.1099582248263889,0.17702229817708334,0.21236165364583334
Cetyl alcohol.jpg,Cohesive,0.0724758572048611,0.09455702039930555,0.030253092447916668,0.06102159288194445,0.05656602647569445,0.10675048828125,0.08049180772569445,0.1103244357638889,0.1769680447048611,0.21059163411458334
Cetyl alcohol.jpg,Cohesive,0.07664659288194445,0.09553358289930555,0.030293782552083332,0.05877685546875,0.05328369140625,0.10224745008680555,0.08056640625,0.11124674479166667,0.1767239040798611,0.21468098958333334
Cetyl alcohol.jpg,Cohesive,0.0802273220486111,0.09593370225694445,0.030178493923611112,0.05738661024305555,0.052727593315972224,0.1055908203125,0.0802273220486111,0.11250813802083333,0.1722479926215278,0.21297200520833334
Cetyl alcohol.jpg,Cohesive,0.0795559353298611,0.09576416015625,0.030768500434027776,0.057963053385416664,0.053629557291666664,0.1040920681423611,0.07933892144097222,0.11224365234375,0.1714138454861111,0.21523030598958334
Cetyl alcohol.jpg,Cohesive,0.07532416449652778,0.09382459852430555,0.029052734375,0.06155734592013889,0.05526394314236111,0.10359700520833333,0.07965766059027778,0.110595703125,0.17774793836805555,0.21337890625
Cetyl alcohol.jpg,Cohesive,0.0724148220486111,0.09349907769097222,0.0299072265625,0.06174045138888889,0.05764431423611111,0.10577392578125,0.07996283637152778,0.1111111111111111,0.1802096896701389,0.2077365451388889
Cetyl alcohol.jpg,Cohesive,0.07085503472222222,0.09261067708333333,0.029385036892361112,0.0628662109375,0.05668809678819445,0.10517035590277778,0.0808376736111111,0.1105075412326389,0.18181016710069445,0.20926920572916666
Cetyl alcohol.jpg,Cohesive,0.07413736979166667,0.09340413411458333,0.029737684461805556,0.06112331814236111,0.05622694227430555,0.10677083333333333,0.08015950520833333,0.11101616753472222,0.1782769097222222,0.20914713541666666
Cetyl alcohol.jpg,Cohesive,0.07525634765625,0.0959743923611111,0.030510796440972224,0.058831108940972224,0.055365668402777776,0.10377332899305555,0.08043077256944445,0.11327446831597222,0.1725396050347222,0.2140435112847222
Cetyl alcohol.jpg,Cohesive,0.08246527777777778,0.09758843315972222,0.030788845486111112,0.055257161458333336,0.05392116970486111,0.10453287760416667,0.0806003146701389,0.11079915364583333,0.16908094618055555,0.2149658203125
Cetyl alcohol.jpg,Cohesive,0.08161756727430555,0.0960964626736111,0.031453450520833336,0.057807074652777776,0.05491807725694445,0.10408528645833333,0.07946099175347222,0.1109958224826389,0.1682400173611111,0.2153252495659722
Cetyl alcohol.jpg,Cohesive,0.0757785373263889,0.0947265625,0.030239529079861112,0.059210883246527776,0.05465359157986111,0.10399712456597222,0.0812038845486111,0.11115858289930555,0.17595079210069445,0.2130805121527778
Cetyl alcohol.jpg,Cohesive,0.07208930121527778,0.09387885199652778,0.030341254340277776,0.0625949435763889,0.05780029296875,0.1064114040798611,0.07994249131944445,0.1113620334201389,0.1783175998263889,0.20726182725694445
Cetyl alcohol.jpg,Cohesive,0.07647026909722222,0.09275309244791667,0.02996826171875,0.06129286024305555,0.05712890625,0.10550944010416667,0.0796847873263889,0.11131456163194445,0.17564561631944445,0.2102322048611111
Cetyl alcohol.jpg,Cohesive,0.0755343967013889,0.09502495659722222,0.03158230251736111,0.059590657552083336,0.054056803385416664,0.10505506727430555,0.08002387152777778,0.11072455512152778,0.17537434895833334,0.21303304036458334
Cetyl alcohol.jpg,Cohesive,0.08123779296875,0.0958591037326389,0.031073676215277776,0.058831108940972224,0.055182562934027776,0.10413275824652778,0.07927788628472222,0.1116943359375,0.1683417426215278,0.21436903211805555
Cetyl alcohol.jpg,Cohesive,0.08123779296875,0.0970119900173611,0.030002170138888888,0.05630154079861111,0.05340576171875,0.10373942057291667,0.07958306206597222,0.11253526475694445,0.1696438259548611,0.21653917100694445
Cetyl alcohol.jpg,Cohesive,0.08338080512152778,0.0949978298611111,0.03179931640625,0.05660671657986111,0.05398898654513889,0.10453287760416667,0.07933213975694445,0.1106906467013889,0.16902669270833334,0.2156439887152778
Cetyl alcohol.jpg,Cohesive,0.08124457465277778,0.09636094835069445,0.03138563368055555,0.05758327907986111,0.05518934461805555,0.1049533420138889,0.07958306206597222,0.11073133680555555,0.16827392578125,0.2146945529513889
Cetyl alcohol.jpg,Cohesive,0.07659233940972222,0.09406195746527778,0.031439887152777776,0.058207194010416664,0.058295355902777776,0.1060451931423611,0.0791286892361111,0.1090087890625,0.1736518012152778,0.2135687934027778
Cetyl alcohol.jpg,Cohesive,0.07951524522569445,0.09547932942708333,0.031019422743055556,0.058064778645833336,0.05422634548611111,0.10264078776041667,0.07904052734375,0.11232503255208333,0.17287190755208334,0.2148166232638889
Cetyl alcohol.jpg,Cohesive,0.08115641276041667,0.0955471462673611,0.031107584635416668,0.05854627821180555,0.055731879340277776,0.1052517361111111,0.0788235134548611,0.1114841037326389,0.16658528645833334,0.2157660590277778
Cetyl alcohol.jpg,Cohesive,0.08367241753472222,0.09728325737847222,0.0321044921875,0.05622694227430555,0.05601671006944445,0.10429551866319445,0.07838270399305555,0.11311848958333333,0.16316053602430555,0.21573893229166666
Cetyl alcohol.jpg,Cohesive,0.07198079427083333,0.09361436631944445,0.029947916666666668,0.0635036892361111,0.05415174696180555,0.10242377387152778,0.08049180772569445,0.1106228298611111,0.18238661024305555,0.21087646484375
Potasium chloride.jpg,Cohesive,0.04696316189236111,0.0900539822048611,0.025119357638888888,0.06976996527777778,0.05331081814236111,0.10825602213541667,0.08495415581597222,0.109375,0.2140842013888889,0.1981133355034722
Potasium chloride.jpg,Cohesive,0.047478569878472224,0.0887112087673611,0.024970160590277776,0.06978352864583333,0.053656684027777776,0.10734049479166667,0.08622911241319445,0.11041937934027778,0.21268717447916666,0.1987236870659722
Potasium chloride.jpg,Cohesive,0.047505696614583336,0.08842637803819445,0.025973849826388888,0.0715603298611111,0.054633246527777776,0.10816107855902778,0.08527967664930555,0.1102023654513889,0.20953369140625,0.1987236870659722
Potasium chloride.jpg,Cohesive,0.048014322916666664,0.08765326605902778,0.026109483506944444,0.07038709852430555,0.054972330729166664,0.10771348741319445,0.08344184027777778,0.10968017578125,0.2125176323784722,0.19951036241319445
Potasium chloride.jpg,Cohesive,0.047417534722222224,0.0892605251736111,0.026373969184027776,0.0705227322048611,0.05534532335069445,0.10886637369791667,0.08665635850694445,0.1089748806423611,0.20890977647569445,0.19767252604166666
Potasium chloride.jpg,Cohesive,0.047220865885416664,0.08788384331597222,0.025417751736111112,0.07124837239583333,0.05453830295138889,0.10915120442708333,0.08692762586805555,0.10999213324652778,0.20964219835069445,0.19797770182291666
Potasium chloride.jpg,Cohesive,0.04666476779513889,0.08699544270833333,0.025472005208333332,0.07151963975694445,0.054375542534722224,0.108154296875,0.08765326605902778,0.10993109809027778,0.2118598090277778,0.19737413194444445
Potasium chloride.jpg,Cohesive,0.047098795572916664,0.08808051215277778,0.025600857204861112,0.07061089409722222,0.054206000434027776,0.1086154513888889,0.08501519097222222,0.11145697699652778,0.21018473307291666,0.1991305881076389
Potasium chloride.jpg,Cohesive,0.04829237196180555,0.08806694878472222,0.025397406684027776,0.07129584418402778,0.05634901258680555,0.10868326822916667,0.0859103732638889,0.10886637369791667,0.21025254991319445,0.19688585069444445
Potasium chloride.jpg,Cohesive,0.04835340711805555,0.08888075086805555,0.025831434461805556,0.0705837673611111,0.055596245659722224,0.10784912109375,0.08642578125,0.1092800564236111,0.20817735460069445,0.19902208116319445
Potasium chloride.jpg,Cohesive,0.048421223958333336,0.08820258246527778,0.026041666666666668,0.07206217447916667,0.058234320746527776,0.1085476345486111,0.0850558810763889,0.1091647677951389,0.20703125,0.1972384982638889
Potasium chloride.jpg,Cohesive,0.04864501953125,0.08781602647569445,0.02569580078125,0.0729098849826389,0.05748155381944445,0.10802544487847222,0.08576117621527778,0.10917154947916667,0.20627848307291666,0.1982150607638889
Potasium chloride.jpg,Cohesive,0.04578993055555555,0.08835856119791667,0.025424533420138888,0.07172309027777778,0.05691867404513889,0.11161973741319445,0.08738199869791667,0.1096462673611111,0.20658365885416666,0.19655354817708334
Potasium chloride.jpg,Cohesive,0.046990288628472224,0.08695475260416667,0.025065104166666668,0.07025146484375,0.05630154079861111,0.11051432291666667,0.0867919921875,0.10831705729166667,0.20930989583333334,0.19950358072916666
Potasium chloride.jpg,Cohesive,0.04833984375,0.0884738498263889,0.026299370659722224,0.07014295789930555,0.054239908854166664,0.10590277777777778,0.08527967664930555,0.10791693793402778,0.21272108289930555,0.20068359375
Potasium chloride.jpg,Cohesive,0.047932942708333336,0.08830430772569445,0.025661892361111112,0.07148573133680555,0.056009928385416664,0.10993109809027778,0.0845947265625,0.10900200737847222,0.2102728949652778,0.1968044704861111
Potasium chloride.jpg,Cohesive,0.0487060546875,0.08826361762152778,0.026197645399305556,0.0714382595486111,0.055887858072916664,0.10767279730902778,0.08470323350694445,0.10972764756944445,0.2082180447048611,0.1991848415798611
Potasium chloride.jpg,Cohesive,0.048604329427083336,0.08727349175347222,0.0257568359375,0.07054985894097222,0.05533175998263889,0.1076321072048611,0.08575439453125,0.10862901475694445,0.2113715277777778,0.1990966796875
Potasium chloride.jpg,Cohesive,0.04899766710069445,0.0878567165798611,0.025783962673611112,0.07123480902777778,0.05611843532986111,0.10851372612847222,0.08612060546875,0.1099582248263889,0.20753309461805555,0.1978827582465278
Potasium chloride.jpg,Cohesive,0.04726833767361111,0.08903672960069445,0.025539822048611112,0.07029893663194445,0.05379909939236111,0.1075168185763889,0.08508978949652778,0.1102023654513889,0.21015760633680555,0.20109049479166666
Potasium chloride.jpg,Cohesive,0.0469970703125,0.08884684244791667,0.025600857204861112,0.0711669921875,0.053568522135416664,0.10912407769097222,0.0879245334201389,0.10993787977430555,0.21022542317708334,0.19660780164930555
Potasium chloride.jpg,Cohesive,0.04718017578125,0.08917914496527778,0.025417751736111112,0.06941053602430555,0.05325656467013889,0.10674370659722222,0.08421495225694445,0.10975477430555555,0.21421983506944445,0.20062255859375
Potasium chloride.jpg,Cohesive,0.04782443576388889,0.0884670681423611,0.025288899739583332,0.0717434353298611,0.05467393663194445,0.10907660590277778,0.08527289496527778,0.1103176540798611,0.20882161458333334,0.1985134548611111
Potasium chloride.jpg,Cohesive,0.04881456163194445,0.08887396918402778,0.0260009765625,0.07212999131944445,0.05617947048611111,0.10878499348958333,0.0865139431423611,0.11018202039930555,0.20633951822916666,0.19618055555555555
Potasium chloride.jpg,Cohesive,0.047356499565972224,0.0889553493923611,0.025309244791666668,0.07075330946180555,0.055060492621527776,0.10900200737847222,0.08479139539930555,0.11102294921875,0.2107476128472222,0.19700113932291666
Potasium chloride.jpg,Cohesive,0.048482259114583336,0.08896891276041667,0.026265462239583332,0.0703396267361111,0.05611843532986111,0.10887993706597222,0.08519151475694445,0.11018202039930555,0.20829264322916666,0.19727918836805555
Potasium chloride.jpg,Cohesive,0.04637315538194445,0.0870700412326389,0.024881998697916668,0.07139078776041667,0.05466037326388889,0.11063639322916667,0.0866427951388889,0.1092190212673611,0.20967610677083334,0.19944932725694445
Potasium chloride.jpg,Cohesive,0.047770182291666664,0.08744981553819445,0.026163736979166668,0.07086859809027778,0.055135091145833336,0.11039225260416667,0.08705647786458333,0.10915120442708333,0.2086724175347222,0.19734022352430555
Potasium chloride.jpg,Cohesive,0.04780409071180555,0.08821614583333333,0.025390625,0.06907145182291667,0.05113389756944445,0.10856797960069445,0.08545600043402778,0.1099853515625,0.2138943142361111,0.20048014322916666
Potasium chloride.jpg,Cohesive,0.04725477430555555,0.08942328559027778,0.025309244791666668,0.0707126193576389,0.05401611328125,0.1088595920138889,0.08605278862847222,0.10871039496527778,0.21181233723958334,0.1978488498263889
Potasium chloride.jpg,Cohesive,0.048041449652777776,0.08839246961805555,0.026224772135416668,0.07137044270833333,0.055399576822916664,0.1093410915798611,0.08557807074652778,0.1109619140625,0.205810546875,0.1988796657986111
Potasium chloride.jpg,Cohesive,0.04815673828125,0.08890787760416667,0.02642822265625,0.07060411241319445,0.05373806423611111,0.10731336805555555,0.08660210503472222,0.10890028211805555,0.2117377387152778,0.19761149088541666
