ImageId,Classe,Feature_LBP_1,Feature_LBP_2,Feature_LBP_3,Feature_LBP_4,Feature_LBP_5,Feature_LBP_6,Feature_LBP_7,Feature_LBP_8,Feature_LBP_9,Feature_LBP_10
Parteck 50.jpg,Cohesive,0.0682101779513889,0.09400092230902778,0.03643798828125,0.08294677734375,0.07196723090277778,0.14421251085069445,0.07939995659722222,0.09736463758680555,0.1170383029513889,0.20842149522569445
Parteck 50.jpg,Cohesive,0.078369140625,0.0997653537326389,0.039042154947916664,0.08003065321180555,0.0690578884548611,0.13380262586805555,0.07783338758680555,0.09587944878472222,0.1093410915798611,0.21687825520833334
Parteck 50.jpg,Cohesive,0.06890190972222222,0.0959201388888889,0.03687879774305555,0.08128526475694445,0.06859673394097222,0.14103190104166666,0.07794189453125,0.0982666015625,0.1189236111111111,0.2122531467013889
Parteck 50.jpg,Cohesive,0.06785753038194445,0.0927395290798611,0.0357666015625,0.08351643880208333,0.07232666015625,0.1484646267361111,0.07838270399305555,0.09885660807291667,0.11838785807291667,0.2037014431423611
Parteck 50.jpg,Cohesive,0.07457817925347222,0.0992431640625,0.039693196614583336,0.08173963758680555,0.06871202256944445,0.1343994140625,0.07755533854166667,0.09599473741319445,0.11144341362847222,0.2166408962673611
Parteck 50.jpg,Cohesive,0.062744140625,0.0916476779513889,0.03416612413194445,0.0835910373263889,0.07153998480902778,0.14982096354166666,0.07828776041666667,0.09885660807291667,0.1254204644097222,0.2039252387152778
Parteck 50.jpg,Cohesive,0.055365668402777776,0.08418782552083333,0.030368381076388888,0.08638509114583333,0.07878282335069445,0.16853162977430555,0.07897271050347222,0.1002197265625,0.1312594943576389,0.18592664930555555
Parteck 50.jpg,Cohesive,0.0666842990451389,0.0938381618923611,0.037055121527777776,0.0846896701388889,0.07092963324652778,0.1426459418402778,0.07790120442708333,0.0992092556423611,0.1167263454861111,0.2103203667534722
Parteck 50.jpg,Cohesive,0.050028483072916664,0.08018663194444445,0.028469509548611112,0.0877346462673611,0.08159722222222222,0.17277696397569445,0.0799899631076389,0.10030110677083333,0.14229329427083334,0.17662217881944445
Mowiol 18-88.jpg,Cohesive,0.023654513888888888,0.05748155381944445,0.015285915798611112,0.0942721896701389,0.1061062282986111,0.22959391276041666,0.07823350694444445,0.09440782335069445,0.19038899739583334,0.11057535807291667
Mowiol 18-88.jpg,Cohesive,0.023166232638888888,0.05732557508680555,0.015034993489583334,0.09447564019097222,0.1075100368923611,0.23200819227430555,0.07891167534722222,0.0960354275173611,0.18638780381944445,0.10914442274305555
Mowiol 18-88.jpg,Cohesive,0.023857964409722224,0.05811903211805555,0.0142822265625,0.0923122829861111,0.10630289713541667,0.22910563151041666,0.07792833116319445,0.09510633680555555,0.19243028428819445,0.11055501302083333
Mowiol 18-88.jpg,Cohesive,0.023600260416666668,0.056525336371527776,0.015109592013888888,0.09543863932291667,0.10954454210069445,0.230712890625,0.07843017578125,0.09495713975694445,0.1844211154513889,0.11126030815972222
Mowiol 18-88.jpg,Cohesive,0.024400499131944444,0.05708143446180555,0.015699598524305556,0.09492323133680555,0.11368815104166667,0.22735595703125,0.07990180121527778,0.09635416666666667,0.17966715494791666,0.1109280056423611
Mowiol 18-88.jpg,Cohesive,0.023050944010416668,0.057318793402777776,0.014662000868055556,0.09491644965277778,0.11014811197916667,0.22733561197916666,0.07759602864583333,0.09700520833333333,0.18752034505208334,0.1104465060763889
Mowiol 18-88.jpg,Cohesive,0.023546006944444444,0.05601671006944445,0.015611436631944444,0.09549967447916667,0.11078559027777778,0.2303127712673611,0.0802341037326389,0.09595404730902778,0.1830173068576389,0.10902235243055555
Mowiol 18-88.jpg,Cohesive,0.023091634114583332,0.056952582465277776,0.015950520833333332,0.09388563368055555,0.1112060546875,0.22947184244791666,0.08092583550347222,0.0962253146701389,0.18159315321180555,0.11069742838541667
Mowiol 18-88.jpg,Cohesive,0.023478190104166668,0.05754258897569445,0.015245225694444444,0.09291585286458333,0.10687255859375,0.2277492947048611,0.0799899631076389,0.09694417317708333,0.18717447916666666,0.1120876736111111
Cetyl alcohol.jpg,Cohesive,0.05343967013888889,0.08020697699652778,0.029649522569444444,0.08720567491319445,0.08229573567708333,0.1752387152777778,0.0802341037326389,0.10074869791666667,0.1307101779513889,0.1802707248263889
Cetyl alcohol.jpg,Cohesive,0.05267333984375,0.08002387152777778,0.029805501302083332,0.08671061197916667,0.08546278211805555,0.17441813151041666,0.07898627387152778,0.10093858506944445,0.12827555338541666,0.1827053493923611
Cetyl alcohol.jpg,Cohesive,0.050835503472222224,0.08216010199652778,0.029927571614583332,0.08842637803819445,0.07881673177083333,0.16990831163194445,0.07946099175347222,0.10150146484375,0.12794325086805555,0.19101969401041666
Cetyl alcohol.jpg,Cohesive,0.05203586154513889,0.07910834418402778,0.030178493923611112,0.08756510416666667,0.08576795789930555,0.1751369900173611,0.0799560546875,0.1002468532986111,0.1306830512152778,0.1793212890625
Cetyl alcohol.jpg,Cohesive,0.04985215928819445,0.0803561740451389,0.028923882378472224,0.0881686740451389,0.0876193576388889,0.17692057291666666,0.0808376736111111,0.09773763020833333,0.13069661458333334,0.1788872612847222
Cetyl alcohol.jpg,Cohesive,0.051615397135416664,0.08024088541666667,0.030531141493055556,0.08894856770833333,0.08245171440972222,0.16831461588541666,0.0807223849826389,0.09892442491319445,0.1277533637152778,0.1904975043402778
Cetyl alcohol.jpg,Cohesive,0.052734375,0.08247884114583333,0.032002766927083336,0.0897488064236111,0.08162434895833333,0.16435411241319445,0.08027479383680555,0.09966362847222222,0.12639024522569445,0.1907280815972222
Cetyl alcohol.jpg,Cohesive,0.0513916015625,0.07930501302083333,0.030693901909722224,0.0885959201388889,0.08634440104166667,0.17271592881944445,0.08100043402777778,0.0987548828125,0.12641737196180555,0.1847805447048611
Cetyl alcohol.jpg,Cohesive,0.05396864149305555,0.08342827690972222,0.03132459852430555,0.08851453993055555,0.08080376519097222,0.16107177734375,0.08021375868055555,0.0993923611111111,0.1278347439236111,0.1934475368923611
Potasium chloride.jpg,Cohesive,0.025254991319444444,0.056477864583333336,0.013264973958333334,0.09143744574652778,0.09986029730902778,0.2292751736111111,0.07427978515625,0.09552680121527778,0.20313856336805555,0.1114841037326389
Potasium chloride.jpg,Cohesive,0.026584201388888888,0.057732476128472224,0.013339572482638888,0.09049479166666667,0.1009250217013889,0.2267388237847222,0.07512071397569445,0.0971340603298611,0.19834391276041666,0.11358642578125
Potasium chloride.jpg,Cohesive,0.025485568576388888,0.056009928385416664,0.013142903645833334,0.09159342447916667,0.10013834635416667,0.22227647569444445,0.07720947265625,0.0975070529513889,0.19993760850694445,0.11669921875
Potasium chloride.jpg,Cohesive,0.025424533420138888,0.054931640625,0.014078776041666666,0.09190538194444445,0.10094536675347222,0.2283664279513889,0.0763210720486111,0.09509955512152778,0.2001614040798611,0.1127658420138889
Potasium chloride.jpg,Cohesive,0.026563856336805556,0.05683729383680555,0.01373291015625,0.0920071072048611,0.10303412543402778,0.2259589301215278,0.0761447482638889,0.09661865234375,0.19569227430555555,0.11341010199652778
Potasium chloride.jpg,Cohesive,0.024420844184027776,0.056769476996527776,0.013699001736111112,0.09351264105902778,0.10151502821180555,0.21980116102430555,0.07838948567708333,0.0961574978298611,0.19877115885416666,0.11696370442708333
Potasium chloride.jpg,Cohesive,0.024909125434027776,0.055806477864583336,0.014207628038194444,0.0919460720486111,0.10276285807291667,0.2279120551215278,0.07566324869791667,0.09717475043402778,0.19666883680555555,0.1129489474826389
Potasium chloride.jpg,Cohesive,0.024929470486111112,0.056722005208333336,0.01385498046875,0.0910305447048611,0.102294921875,0.22776285807291666,0.07651774088541667,0.09528266059027778,0.1995917426215278,0.11201307508680555
Potasium chloride.jpg,Cohesive,0.023078070746527776,0.057352701822916664,0.012661404079861112,0.0909695095486111,0.09922960069444445,0.22419569227430555,0.07618543836805555,0.09474690755208333,0.20835367838541666,0.11322699652777778
ParacetamolPowder.jpg,Cohesive,0.04654269748263889,0.0760226779513889,0.027730305989583332,0.09112548828125,0.08553059895833333,0.17173258463541666,0.07936604817708333,0.1011013454861111,0.1377224392361111,0.18312581380208334
ParacetamolPowder.jpg,Cohesive,0.04644775390625,0.0808444552951389,0.030497233072916668,0.0898098415798611,0.08501519097222222,0.1655544704861111,0.0784573025173611,0.10082329644097222,0.1302218967013889,0.1923285590277778
ParacetamolPowder.jpg,Cohesive,0.0416259765625,0.07379150390625,0.025973849826388888,0.09138319227430555,0.0862155490451389,0.17838541666666666,0.07921006944444445,0.10260009765625,0.1441718207465278,0.1766425238715278
ParacetamolPowder.jpg,Cohesive,0.04824490017361111,0.07863362630208333,0.029669867621527776,0.08978949652777778,0.08574761284722222,0.17067464192708334,0.07976616753472222,0.10143364800347222,0.13283284505208334,0.18320719401041666
ParacetamolPowder.jpg,Cohesive,0.04852294921875,0.08079020182291667,0.029276529947916668,0.0889621310763889,0.08380805121527778,0.16834852430555555,0.08034261067708333,0.10099283854166667,0.13144938151041666,0.1875067816840278
ParacetamolPowder.jpg,Cohesive,0.04293484157986111,0.07404242621527778,0.025858561197916668,0.0916748046875,0.08698187934027778,0.1775241427951389,0.079833984375,0.101318359375,0.14040120442708334,0.17942979600694445
ParacetamolPowder.jpg,Cohesive,0.0465087890625,0.07594129774305555,0.027513292100694444,0.08998616536458333,0.08766004774305555,0.17683241102430555,0.08022054036458333,0.10167100694444445,0.135498046875,0.1781684027777778
ParacetamolPowder.jpg,Cohesive,0.047322591145833336,0.07993570963541667,0.02935791015625,0.0895046657986111,0.0850830078125,0.17247178819444445,0.07872178819444445,0.10064019097222222,0.13252766927083334,0.18443467881944445
ParacetamolPowder.jpg,Cohesive,0.039788140190972224,0.07183159722222222,0.025180392795138888,0.0922512478298611,0.08885362413194445,0.1843193901909722,0.078125,0.10002305772569445,0.14771864149305555,0.1719089084201389
Lidocaine.jpg,Cohesive,0.031378851996527776,0.06517198350694445,0.04045274522569445,0.11436631944444445,0.1584743923611111,0.17518446180555555,0.09491644965277778,0.08917236328125,0.10539415147569445,0.12548828125
Lidocaine.jpg,Cohesive,0.033121744791666664,0.06658257378472222,0.040045844184027776,0.11329481336805555,0.15745713975694445,0.1765204535590278,0.09492323133680555,0.08931477864583333,0.1050075954861111,0.12373182508680555
Lidocaine.jpg,Cohesive,0.026963975694444444,0.062004937065972224,0.039082845052083336,0.11707899305555555,0.1648288302951389,0.17711046006944445,0.09813774956597222,0.08941650390625,0.1057467990451389,0.11962890625
Lidocaine.jpg,Cohesive,0.031697591145833336,0.06587049696180555,0.042534722222222224,0.11524115668402778,0.15411376953125,0.17411295572916666,0.09498426649305555,0.08863661024305555,0.10402425130208333,0.1287841796875
Lidocaine.jpg,Cohesive,0.036614312065972224,0.0693359375,0.04222276475694445,0.1112331814236111,0.1524319118923611,0.17152235243055555,0.09528944227430555,0.08936903211805555,0.1027560763888889,0.12922498914930555
Lidocaine.jpg,Cohesive,0.030877007378472224,0.06403266059027778,0.03887939453125,0.11547173394097222,0.16208902994791666,0.1779513888888889,0.0961574978298611,0.08782280815972222,0.10364447699652778,0.1230740017361111
Lidocaine.jpg,Cohesive,0.030829535590277776,0.06317816840277778,0.04157850477430555,0.11719428168402778,0.1579928927951389,0.1736518012152778,0.09650336371527778,0.0895046657986111,0.10486518012152778,0.12470160590277778
Lidocaine.jpg,Cohesive,0.03375244140625,0.0672607421875,0.04153103298611111,0.11418999565972222,0.15360514322916666,0.17280409071180555,0.09626600477430555,0.08873833550347222,0.1025661892361111,0.12928602430555555
Lidocaine.jpg,Cohesive,0.030476888020833332,0.06382921006944445,0.04068332248263889,0.1148342556423611,0.16180419921875,0.1759101019965278,0.09766303168402778,0.08844672309027778,0.10520426432291667,0.12114800347222222
Calcium Phosphate Dibasic.jpg,Cohesive,0.09302435980902778,0.11597357855902778,0.06410047743055555,0.07914903428819445,0.06412760416666667,0.0785793728298611,0.0725436740451389,0.0925632052951389,0.1149020724826389,0.22503662109375
Calcium Phosphate Dibasic.jpg,Cohesive,0.09132893880208333,0.11775037977430555,0.06258138020833333,0.07898627387152778,0.0653415256076389,0.07964409722222222,0.07225206163194445,0.09259033203125,0.11445448133680555,0.2250705295138889
Calcium Phosphate Dibasic.jpg,Cohesive,0.09136962890625,0.11430528428819445,0.06266954210069445,0.08106825086805555,0.06665717230902778,0.08570692274305555,0.07368299696180555,0.09221055772569445,0.1103244357638889,0.22200520833333334
Calcium Phosphate Dibasic.jpg,Cohesive,0.09168836805555555,0.115234375,0.06366644965277778,0.0799221462673611,0.06571451822916667,0.08159044053819445,0.07197401258680555,0.09412299262152778,0.1134914822048611,0.22259521484375
Calcium Phosphate Dibasic.jpg,Cohesive,0.09328206380208333,0.11802164713541667,0.06324598524305555,0.0780910915798611,0.0646091037326389,0.08092583550347222,0.07289632161458333,0.09223090277777778,0.11407470703125,0.2226223415798611
Calcium Phosphate Dibasic.jpg,Cohesive,0.08915879991319445,0.1143798828125,0.062032063802083336,0.08186848958333333,0.06751844618055555,0.08513726128472222,0.07195366753472222,0.0924072265625,0.1123996310763889,0.22314453125
Calcium Phosphate Dibasic.jpg,Cohesive,0.0903049045138889,0.11415608723958333,0.06513807508680555,0.08028157552083333,0.06587727864583333,0.08070203993055555,0.07130940755208333,0.09450276692708333,0.11528184678819445,0.2224460177951389
Calcium Phosphate Dibasic.jpg,Cohesive,0.09174940321180555,0.11622450086805555,0.062371148003472224,0.07880316840277778,0.06471761067708333,0.0823635525173611,0.07286241319444445,0.09309217664930555,0.11347113715277778,0.22434488932291666
Calcium Phosphate Dibasic.jpg,Cohesive,0.08204481336805555,0.10869683159722222,0.061455620659722224,0.08704969618055555,0.07676188151041667,0.09096272786458333,0.0754733615451389,0.09234619140625,0.1119045681423611,0.21330430772569445
Stearyl alcohol.jpg,Cohesive,0.06681993272569445,0.09393310546875,0.037272135416666664,0.08488633897569445,0.07645670572916667,0.14687093098958334,0.07698567708333333,0.09657118055555555,0.11241997612847222,0.20778401692708334
Stearyl alcohol.jpg,Cohesive,0.0752292209201389,0.09930419921875,0.040351019965277776,0.08270263671875,0.07452392578125,0.13759358723958334,0.07756890190972222,0.09299723307291667,0.10634358723958333,0.2133856879340278
Stearyl alcohol.jpg,Cohesive,0.06907823350694445,0.09321424696180555,0.03752305772569445,0.08542887369791667,0.07598876953125,0.14765760633680555,0.07747395833333333,0.0958251953125,0.1101955837673611,0.2076144748263889
Stearyl alcohol.jpg,Cohesive,0.0696139865451389,0.0933498806423611,0.036492241753472224,0.08378092447916667,0.07834879557291667,0.15049235026041666,0.0788302951388889,0.0963134765625,0.1120334201388889,0.20074462890625
Stearyl alcohol.jpg,Cohesive,0.0777316623263889,0.09849039713541667,0.040215386284722224,0.0812717013888889,0.07689751519097222,0.1392483181423611,0.07849799262152778,0.09377034505208333,0.10417344835069445,0.20970323350694445
Stearyl alcohol.jpg,Cohesive,0.07140435112847222,0.09513346354166667,0.03814697265625,0.08412679036458333,0.07745361328125,0.1457451714409722,0.078125,0.09507242838541667,0.1075168185763889,0.207275390625
Stearyl alcohol.jpg,Cohesive,0.06591796875,0.09067789713541667,0.036248101128472224,0.0843777126736111,0.08033582899305555,0.1560397677951389,0.07921685112847222,0.09675428602430555,0.11549207899305555,0.1949395073784722
Stearyl alcohol.jpg,Cohesive,0.0699123806423611,0.09504530164930555,0.037699381510416664,0.0852932400173611,0.07757568359375,0.14809163411458334,0.07819959852430555,0.09651014539930555,0.10858832465277778,0.20308430989583334
Stearyl alcohol.jpg,Cohesive,0.06550428602430555,0.0894775390625,0.036519368489583336,0.08489312065972222,0.07996283637152778,0.1559109157986111,0.07897271050347222,0.09532335069444445,0.1181301540798611,0.1953057183159722
Caffeine_19mm.jpg,Cohesive,0.06974283854166667,0.1001925998263889,0.040974934895833336,0.0832248263888889,0.06719292534722222,0.12141248914930555,0.07834879557291667,0.0975341796875,0.1141018337673611,0.22727457682291666
Caffeine_19mm.jpg,Cohesive,0.07356770833333333,0.10185411241319445,0.04121229383680555,0.0813327365451389,0.06748453776041667,0.12073432074652778,0.07939317491319445,0.0962795681423611,0.11054823133680555,0.2275933159722222
Caffeine_19mm.jpg,Cohesive,0.0635104709201389,0.09290907118055555,0.03571912977430555,0.0858493381076389,0.0703396267361111,0.13238525390625,0.07966444227430555,0.09898546006944445,0.1228976779513889,0.2177395290798611
Caffeine_19mm.jpg,Cohesive,0.07001410590277778,0.09832763671875,0.03908962673611111,0.08433024088541667,0.07086859809027778,0.1262885199652778,0.07940673828125,0.09663221571180555,0.11176893446180555,0.2232733832465278
Caffeine_19mm.jpg,Cohesive,0.0763888888888889,0.10310872395833333,0.041191948784722224,0.08045789930555555,0.0695461697048611,0.1199612087673611,0.07895914713541667,0.09568956163194445,0.1083713107638889,0.2263251410590278
Caffeine_19mm.jpg,Cohesive,0.06731499565972222,0.0975613064236111,0.03802490234375,0.08507622612847222,0.07025146484375,0.1297878689236111,0.0796780056423611,0.09792073567708333,0.11494954427083333,0.21943495008680555
Caffeine_19mm.jpg,Cohesive,0.060173882378472224,0.0906100802951389,0.036519368489583336,0.0868869357638889,0.07625325520833333,0.13664415147569445,0.07914225260416667,0.0989651150173611,0.1207275390625,0.2140774197048611
Caffeine_19mm.jpg,Cohesive,0.07307942708333333,0.1018948025173611,0.040568033854166664,0.0820041232638889,0.07067192925347222,0.12159559461805555,0.07908121744791667,0.09540473090277778,0.11018880208333333,0.22551133897569445
Caffeine_19mm.jpg,Cohesive,0.060187445746527776,0.08903672960069445,0.03337266710069445,0.08427598741319445,0.0773044162326389,0.1453179253472222,0.0794338650173611,0.09929063585069445,0.12965901692708334,0.2021213107638889
Calcium phosphate dibasic_19mm.jpg,Cohesive,0.08588324652777778,0.1109619140625,0.048773871527777776,0.07552083333333333,0.06281195746527778,0.0948486328125,0.0758327907986111,0.0950046115451389,0.11319986979166667,0.23716227213541666
Calcium phosphate dibasic_19mm.jpg,Cohesive,0.0854153103298611,0.11180962456597222,0.04909939236111111,0.07495795355902778,0.0636867947048611,0.09586588541666667,0.07666015625,0.09425184461805555,0.11244710286458333,0.2358059353298611
Calcium phosphate dibasic_19mm.jpg,Cohesive,0.08405897352430555,0.11280653211805555,0.049723307291666664,0.07513427734375,0.061787923177083336,0.09077962239583333,0.07451036241319445,0.09516737196180555,0.1152615017361111,0.24077012803819445
Calcium phosphate dibasic_19mm.jpg,Cohesive,0.08772786458333333,0.1131591796875,0.04948594835069445,0.07274034288194445,0.06318495008680555,0.09526909722222222,0.07695176866319445,0.09544542100694445,0.11168755425347222,0.2343478732638889
Calcium phosphate dibasic_19mm.jpg,Cohesive,0.08732096354166667,0.11280653211805555,0.04928249782986111,0.07495795355902778,0.06501600477430555,0.09572347005208333,0.07661268446180555,0.09361436631944445,0.11089409722222222,0.2337714301215278
Calcium phosphate dibasic_19mm.jpg,Cohesive,0.0891994900173611,0.11273871527777778,0.049004448784722224,0.07343207465277778,0.06269666883680555,0.09287516276041667,0.07539198133680555,0.0947536892361111,0.11201985677083333,0.2378879123263889
Calcium phosphate dibasic_19mm.jpg,Cohesive,0.08594428168402778,0.1127658420138889,0.050543891059027776,0.07501220703125,0.06345621744791667,0.09184434678819445,0.0755954318576389,0.09541151258680555,0.1139255099826389,0.2355007595486111
Calcium phosphate dibasic_19mm.jpg,Cohesive,0.08739556206597222,0.11443413628472222,0.05061170789930555,0.07421196831597222,0.062140570746527776,0.09284125434027778,0.07564290364583333,0.0961032443576389,0.11195203993055555,0.23466661241319445
Calcium phosphate dibasic_19mm.jpg,Cohesive,0.08239067925347222,0.1074490017361111,0.04853651258680555,0.07560221354166667,0.06437852647569445,0.09880913628472222,0.07433403862847222,0.09635416666666667,0.12192789713541667,0.2302178276909722
1-Octadecanol.jpg,Cohesive,0.04410129123263889,0.0727199978298611,0.023952907986111112,0.08715142144097222,0.08641899956597222,0.19178602430555555,0.0785183376736111,0.10325792100694445,0.15804036458333334,0.154052734375
1-Octadecanol.jpg,Cohesive,0.04568142361111111,0.07446967230902778,0.023871527777777776,0.08693440755208333,0.0860595703125,0.1869167751736111,0.07733154296875,0.10347493489583333,0.1557278103298611,0.15953233506944445
1-Octadecanol.jpg,Cohesive,0.043538411458333336,0.07505967881944445,0.022976345486111112,0.0867648654513889,0.08463541666666667,0.1865505642361111,0.07832166883680555,0.10272894965277778,0.1579928927951389,0.1614312065972222
1-Octadecanol.jpg,Cohesive,0.04608154296875,0.07289632161458333,0.024169921875,0.0877414279513889,0.08784315321180555,0.1904025607638889,0.07775200737847222,0.10284423828125,0.1546088324652778,0.15565999348958334
1-Octadecanol.jpg,Cohesive,0.04336886935763889,0.07184516059027778,0.023681640625,0.0865139431423611,0.0892673068576389,0.19572618272569445,0.07744683159722222,0.10040961371527778,0.15997314453125,0.1517673068576389
1-Octadecanol.jpg,Cohesive,0.04266357421875,0.07289632161458333,0.022725423177083332,0.08751763237847222,0.08714463975694445,0.1885918511284722,0.07773844401041667,0.10129801432291667,0.1601223415798611,0.1593017578125
1-Octadecanol.jpg,Cohesive,0.04721408420138889,0.07446967230902778,0.026102701822916668,0.0885891384548611,0.08623589409722222,0.1828342013888889,0.0784912109375,0.10445149739583333,0.1486884223090278,0.16292317708333334
1-Octadecanol.jpg,Cohesive,0.04275173611111111,0.07273356119791667,0.024617513020833332,0.0875583224826389,0.08875868055555555,0.1911688910590278,0.07862006293402778,0.1026950412326389,0.1574367947048611,0.1536593967013889
1-Octadecanol.jpg,Cohesive,0.041252983940972224,0.07078721788194445,0.023227267795138888,0.08998616536458333,0.08683268229166667,0.18818495008680555,0.07769097222222222,0.1015896267361111,0.1636420355902778,0.1568060980902778
Caffeine_15mm.jpg,Cohesive,0.0907253689236111,0.11100260416666667,0.045037163628472224,0.0749782986111111,0.06366644965277778,0.10902235243055555,0.07781982421875,0.0923733181423611,0.10465494791666667,0.2307196723090278
Caffeine_15mm.jpg,Cohesive,0.0908474392361111,0.11225721571180555,0.04476589626736111,0.07307264539930555,0.06689453125,0.11348470052083333,0.07790120442708333,0.09227837456597222,0.1021389431423611,0.22635904947916666
Caffeine_15mm.jpg,Cohesive,0.08232286241319445,0.10615370008680555,0.042928059895833336,0.07752821180555555,0.06664360894097222,0.1153903537326389,0.07746039496527778,0.09502495659722222,0.1068454318576389,0.2297024197048611
Caffeine_15mm.jpg,Cohesive,0.085205078125,0.10938178168402778,0.04409450954861111,0.07768419053819445,0.0669894748263889,0.11109754774305555,0.07592095269097222,0.09330919053819445,0.10595024956597222,0.23036702473958334
Caffeine_15mm.jpg,Cohesive,0.08802625868055555,0.11042616102430555,0.046393500434027776,0.07609049479166667,0.06502278645833333,0.10741509331597222,0.07673475477430555,0.09197998046875,0.10560438368055555,0.2323065863715278
Caffeine_15mm.jpg,Cohesive,0.07950846354166667,0.10680474175347222,0.04334852430555555,0.0798678927951389,0.0661349826388889,0.11351860894097222,0.0762600368923611,0.09497748480902778,0.10877821180555555,0.2308010525173611
Caffeine_15mm.jpg,Cohesive,0.08011881510416667,0.1077609592013889,0.04429796006944445,0.07818603515625,0.0675998263888889,0.11193169487847222,0.0772365993923611,0.0942043728298611,0.10797119140625,0.23069254557291666
Caffeine_15mm.jpg,Cohesive,0.08307562934027778,0.10996500651041667,0.043701171875,0.07847764756944445,0.0659450954861111,0.10878499348958333,0.07607014973958333,0.09442816840277778,0.10778130425347222,0.23177083333333334
Caffeine_15mm.jpg,Cohesive,0.07475450303819445,0.1015625,0.03978135850694445,0.08043077256944445,0.06878662109375,0.12166341145833333,0.07609727647569445,0.09618462456597222,0.1178317599826389,0.2229071723090278
Caffeine.jpg,Cohesive,0.04389784071180555,0.08062744140625,0.054328070746527776,0.1148410373263889,0.11726888020833333,0.1341552734375,0.08319091796875,0.08876546223958333,0.10559760199652778,0.17732747395833334
Caffeine.jpg,Cohesive,0.041971842447916664,0.0795559353298611,0.05453830295138889,0.11669243706597222,0.12260606553819445,0.1337890625,0.08357747395833333,0.08742268880208333,0.10528564453125,0.174560546875
Caffeine.jpg,Cohesive,0.038614908854166664,0.0761447482638889,0.05259874131944445,0.11882188585069445,0.1267022026909722,0.1395941840277778,0.08391655815972222,0.08678521050347222,0.10509575737847222,0.1717258029513889
Caffeine.jpg,Cohesive,0.04484727647569445,0.08159044053819445,0.055596245659722224,0.11467149522569445,0.11640082465277778,0.1327853732638889,0.0818142361111111,0.0885009765625,0.1048312717013889,0.1789618598090278
Caffeine.jpg,Cohesive,0.0450439453125,0.08355034722222222,0.05594211154513889,0.1147189670138889,0.1160888671875,0.1297946506076389,0.08198377821180555,0.0868801540798611,0.10434977213541667,0.1816474066840278
Caffeine.jpg,Cohesive,0.04096815321180555,0.07598198784722222,0.052958170572916664,0.11743842230902778,0.1279229058159722,0.1398993598090278,0.084228515625,0.0862087673611111,0.10363091362847222,0.17076280381944445
Caffeine.jpg,Cohesive,0.043477376302083336,0.07969835069444445,0.054131401909722224,0.1133151584201389,0.11958143446180555,0.1368747287326389,0.08263481987847222,0.08727349175347222,0.10510932074652778,0.17790391710069445
Caffeine.jpg,Cohesive,0.042439778645833336,0.07811143663194445,0.053629557291666664,0.1159328884548611,0.12311469184027778,0.13958740234375,0.08426920572916667,0.08808729383680555,0.1026882595486111,0.17213948567708334
Caffeine.jpg,Cohesive,0.036933051215277776,0.0715603298611111,0.048943413628472224,0.1175808376736111,0.1378173828125,0.15293375651041666,0.0881686740451389,0.0863037109375,0.10386149088541667,0.15589735243055555
Granulac 230.jpg,Cohesive,0.0990261501736111,0.11921522352430555,0.062296549479166664,0.07621934678819445,0.06365288628472222,0.08319769965277778,0.07402886284722222,0.09155951605902778,0.10938856336805555,0.22141520182291666
Granulac 230.jpg,Cohesive,0.1021999782986111,0.12169053819444445,0.06216769748263889,0.07323540581597222,0.062215169270833336,0.0845608181423611,0.07353379991319445,0.0919189453125,0.10918511284722222,0.2192925347222222
Granulac 230.jpg,Cohesive,0.10236273871527778,0.12139214409722222,0.0627102322048611,0.0736083984375,0.060465494791666664,0.07871500651041667,0.07301161024305555,0.09282090928819445,0.11187744140625,0.22303602430555555
Granulac 230.jpg,Cohesive,0.09775797526041667,0.12036810980902778,0.062337239583333336,0.0748019748263889,0.06422254774305555,0.08629014756944445,0.07417805989583333,0.0913357204861111,0.10801188151041667,0.2206963433159722
Granulac 230.jpg,Cohesive,0.09730360243055555,0.11906602647569445,0.06222195095486111,0.0773044162326389,0.0659518771701389,0.08835856119791667,0.07421875,0.09086100260416667,0.1059909396701389,0.2187228732638889
Granulac 230.jpg,Cohesive,0.1019626193576389,0.12261284722222222,0.06316460503472222,0.07292344835069445,0.06142849392361111,0.07878282335069445,0.07298448350694445,0.09370930989583333,0.11241997612847222,0.22001139322916666
Granulac 230.jpg,Cohesive,0.09958902994791667,0.11955430772569445,0.06228976779513889,0.0735812717013889,0.06327311197916667,0.08201090494791667,0.073486328125,0.0919528537326389,0.11121961805555555,0.22304280598958334
Granulac 230.jpg,Cohesive,0.096923828125,0.11867268880208333,0.061116536458333336,0.0774264865451389,0.06618245442708333,0.08713785807291667,0.07535807291666667,0.0911865234375,0.1067776150173611,0.21921793619791666
Granulac 230.jpg,Cohesive,0.09619140625,0.11643473307291667,0.059733072916666664,0.0765652126736111,0.07035997178819445,0.08819580078125,0.0765041775173611,0.09295654296875,0.11058213975694445,0.21247694227430555
Calcium Carbonate (40%) - multicomponent.jpg,Cohesive,0.09270562065972222,0.11765543619791667,0.05312771267361111,0.06880018446180555,0.05897352430555555,0.0813869900173611,0.07136366102430555,0.09687635633680555,0.12230088975694445,0.2368096245659722
Calcium Carbonate (40%) - multicomponent.jpg,Cohesive,0.09789360894097222,0.11882188585069445,0.05410427517361111,0.06781005859375,0.05838351779513889,0.080810546875,0.07194688585069445,0.09697808159722222,0.12006971571180555,0.2331814236111111
Calcium Carbonate (40%) - multicomponent.jpg,Cohesive,0.09734429253472222,0.1183132595486111,0.052741156684027776,0.06610785590277778,0.058051215277777776,0.07706705729166667,0.07080756293402778,0.09800889756944445,0.1250881618923611,0.23647054036458334
Calcium Carbonate (40%) - multicomponent.jpg,Cohesive,0.09013536241319445,0.1170993381076389,0.05303955078125,0.0689425998263889,0.060248480902777776,0.08270263671875,0.072021484375,0.09720865885416667,0.12213812934027778,0.23646375868055555
Calcium Carbonate (40%) - multicomponent.jpg,Cohesive,0.09450276692708333,0.11791314019097222,0.05303955078125,0.06738959418402778,0.06021457248263889,0.08129204644097222,0.0723876953125,0.09761555989583333,0.12067328559027778,0.23497178819444445
Calcium Carbonate (40%) - multicomponent.jpg,Cohesive,0.09382459852430555,0.11742485894097222,0.052937825520833336,0.06749810112847222,0.05856662326388889,0.0802341037326389,0.07152642144097222,0.0976901584201389,0.12384033203125,0.2364569769965278
Calcium Carbonate (40%) - multicomponent.jpg,Cohesive,0.0849880642361111,0.11444091796875,0.051900227864583336,0.0723605685763889,0.0626491970486111,0.0860934787326389,0.07065836588541667,0.0964694552951389,0.12287055121527778,0.23756917317708334
Calcium Carbonate (40%) - multicomponent.jpg,Cohesive,0.08732096354166667,0.11577690972222222,0.051337348090277776,0.07249620225694445,0.06279839409722222,0.08342827690972222,0.07033284505208333,0.09666612413194445,0.12312147352430555,0.2367214626736111
Calcium Carbonate (40%) - multicomponent.jpg,Cohesive,0.08055284288194445,0.11097547743055555,0.049357096354166664,0.07366265190972222,0.06334771050347222,0.08933512369791667,0.07067192925347222,0.09842936197916667,0.1312934027777778,0.23237440321180555
Azelaic acid.jpg,Cohesive,0.0216064453125,0.05303955078125,0.014804416232638888,0.09495713975694445,0.10576714409722222,0.2370062934027778,0.07548692491319445,0.09248182508680555,0.18280029296875,0.12204996744791667
Azelaic acid.jpg,Cohesive,0.020894368489583332,0.053778754340277776,0.014682345920138888,0.0946994357638889,0.10895453559027778,0.23746744791666666,0.0760158962673611,0.0913425021701389,0.17863633897569445,0.12352837456597222
Azelaic acid.jpg,Cohesive,0.020853678385416668,0.053154839409722224,0.014329698350694444,0.09413655598958333,0.10835096571180555,0.2355075412326389,0.0753173828125,0.09337022569444445,0.1812065972222222,0.12377251519097222
Azelaic acid.jpg,Cohesive,0.0208740234375,0.052497016059027776,0.015523274739583334,0.09615071614583333,0.10814073350694445,0.23561604817708334,0.07674153645833333,0.09442816840277778,0.1803656684027778,0.1196628146701389
Azelaic acid.jpg,Cohesive,0.020480685763888888,0.05386691623263889,0.015625,0.09409586588541667,0.1106906467013889,0.23470052083333334,0.07615152994791667,0.09129503038194445,0.17820231119791666,0.12489149305555555
Azelaic acid.jpg,Cohesive,0.020562065972222224,0.05494520399305555,0.014919704861111112,0.09373643663194445,0.10980902777777778,0.2327813042534722,0.07663981119791667,0.09345160590277778,0.1813015407986111,0.1218532986111111
Azelaic acid.jpg,Cohesive,0.021477593315972224,0.05223253038194445,0.015096028645833334,0.09551323784722222,0.1086764865451389,0.23427327473958334,0.077392578125,0.09342447916666667,0.18503824869791666,0.11687554253472222
Azelaic acid.jpg,Cohesive,0.019924587673611112,0.05351426866319445,0.014926486545138888,0.0945163302951389,0.11280653211805555,0.23618570963541666,0.07605658637152778,0.09113905164930555,0.17698838975694445,0.12394205729166667
Azelaic acid.jpg,Cohesive,0.020914713541666668,0.055419921875,0.014702690972222222,0.0938449435763889,0.10823567708333333,0.2305365668402778,0.07789442274305555,0.09244791666666667,0.1831393771701389,0.12286376953125
Span 60.jpg,Cohesive,0.018595377604166668,0.050042046440972224,0.032294379340277776,0.12729899088541666,0.1914944118923611,0.18452284071180555,0.09853108723958333,0.08562554253472222,0.11321343315972222,0.09838189019097222
Span 60.jpg,Cohesive,0.018764919704861112,0.051506890190972224,0.03140597873263889,0.12559678819444445,0.1932305230034722,0.18402099609375,0.09840901692708333,0.08582899305555555,0.11307779947916667,0.09815809461805555
Span 60.jpg,Cohesive,0.018018934461805556,0.050591362847222224,0.03143310546875,0.12630208333333334,0.19428846571180555,0.1843600802951389,0.0975341796875,0.08570014105902778,0.11297607421875,0.09879557291666667
Span 60.jpg,Cohesive,0.019151475694444444,0.049418131510416664,0.03250461154513889,0.12684461805555555,0.19597032335069445,0.18259684244791666,0.0982666015625,0.0862698025173611,0.11189100477430555,0.09708658854166667
Span 60.jpg,Cohesive,0.018473307291666668,0.05160861545138889,0.032572428385416664,0.1246609157986111,0.1949462890625,0.18556043836805555,0.0999484592013889,0.08531358506944445,0.10978868272569445,0.09712727864583333
Span 60.jpg,Cohesive,0.01776123046875,0.05006239149305555,0.03118896484375,0.12727186414930555,0.19550916883680555,0.1845770941840278,0.09943983289930555,0.08593071831597222,0.11118570963541667,0.0970730251736111
Span 60.jpg,Cohesive,0.019680447048611112,0.05025906032986111,0.03375244140625,0.12493896484375,0.19291178385416666,0.1837700737847222,0.0985378689236111,0.08509657118055555,0.11252848307291667,0.09852430555555555
Span 60.jpg,Cohesive,0.019341362847222224,0.05195448133680555,0.03262668185763889,0.12378607855902778,0.1928643120659722,0.1846245659722222,0.09857855902777778,0.08604600694444445,0.11246744791666667,0.09771050347222222
Span 60.jpg,Cohesive,0.018181694878472224,0.05172390407986111,0.031717936197916664,0.1247897677951389,0.19334581163194445,0.1855740017361111,0.09777153862847222,0.08508978949652778,0.11237928602430555,0.09942626953125
Calcium Carbonate (40%) - multicomponent_15 mm.jpg,Cohesive,0.09730360243055555,0.11698404947916667,0.05482313368055555,0.0656399197048611,0.0609130859375,0.0829739040798611,0.07408311631944445,0.09926350911458333,0.11926947699652778,0.22874620225694445
Calcium Carbonate (40%) - multicomponent_15 mm.jpg,Cohesive,0.10320366753472222,0.11689588758680555,0.053568522135416664,0.0641208224826389,0.06207275390625,0.08586290147569445,0.0736423068576389,0.0989040798611111,0.1166720920138889,0.22505696614583334
Calcium Carbonate (40%) - multicomponent_15 mm.jpg,Cohesive,0.10205756293402778,0.1181301540798611,0.05636935763888889,0.06317816840277778,0.058770073784722224,0.07774522569444445,0.07332356770833333,0.09969075520833333,0.1231960720486111,0.2275390625
Calcium Carbonate (40%) - multicomponent_15 mm.jpg,Cohesive,0.1000094943576389,0.11647542317708333,0.053141276041666664,0.06544325086805555,0.06322564019097222,0.08577473958333333,0.07468668619791667,0.09778510199652778,0.11653645833333333,0.2269219292534722
Calcium Carbonate (40%) - multicomponent_15 mm.jpg,Cohesive,0.1026340060763889,0.1163330078125,0.054829915364583336,0.06494140625,0.06263563368055555,0.08405219184027778,0.07432047526041667,0.09749348958333333,0.11808946397569445,0.22467041015625
Calcium Carbonate (40%) - multicomponent_15 mm.jpg,Cohesive,0.0996365017361111,0.11749945746527778,0.05633544921875,0.06551106770833333,0.05848524305555555,0.07733154296875,0.07380506727430555,0.0982394748263889,0.12381998697916667,0.2293362087673611
Calcium Carbonate (40%) - multicomponent_15 mm.jpg,Cohesive,0.09972466362847222,0.11494276258680555,0.053548177083333336,0.06580268012152778,0.06290690104166667,0.0893215603298611,0.07354058159722222,0.0960964626736111,0.11673990885416667,0.22737630208333334
Calcium Carbonate (40%) - multicomponent_15 mm.jpg,Cohesive,0.10040961371527778,0.1178860134548611,0.054361979166666664,0.0634426540798611,0.060038248697916664,0.0842013888888889,0.0740627712673611,0.09694417317708333,0.11973741319444445,0.2289157443576389
Calcium Carbonate (40%) - multicomponent_15 mm.jpg,Cohesive,0.08976236979166667,0.11138916015625,0.051947699652777776,0.06981743706597222,0.06163194444444445,0.08854844835069445,0.07286241319444445,0.09803602430555555,0.1304660373263889,0.22553846571180555
Parteck 50_19mm.jpg,Cohesive,0.1000027126736111,0.11688232421875,0.04678005642361111,0.07346598307291667,0.061747233072916664,0.10589599609375,0.07854546440972222,0.0908203125,0.10093858506944445,0.2249213324652778
Parteck 50_19mm.jpg,Cohesive,0.10469563802083333,0.11696370442708333,0.04865858289930555,0.07122802734375,0.06444634331597222,0.10704210069444445,0.07636854383680555,0.08879937065972222,0.09867350260416667,0.22312418619791666
Parteck 50_19mm.jpg,Cohesive,0.10304090711805555,0.11887613932291667,0.04736328125,0.07158745659722222,0.06252034505208333,0.10240342881944445,0.07530381944444445,0.08985731336805555,0.10158284505208333,0.22746446397569445
Parteck 50_19mm.jpg,Cohesive,0.0954861111111111,0.11192491319444445,0.045294867621527776,0.07491048177083333,0.06439208984375,0.11369493272569445,0.0766872829861111,0.09120686848958333,0.10053846571180555,0.2258639865451389
Parteck 50_19mm.jpg,Cohesive,0.10278998480902778,0.11823187934027778,0.049418131510416664,0.07347954644097222,0.06529405381944445,0.102783203125,0.0772365993923611,0.09044053819444445,0.0995822482638889,0.22074381510416666
Parteck 50_19mm.jpg,Cohesive,0.10428873697916667,0.11767578125,0.05096435546875,0.07462565104166667,0.0665283203125,0.10258653428819445,0.0774875217013889,0.08954535590277778,0.09850396050347222,0.21779378255208334
Parteck 50_19mm.jpg,Cohesive,0.0954861111111111,0.11265733506944445,0.04539659288194445,0.07508002387152778,0.06477186414930555,0.11110432942708333,0.0771823459201389,0.0916408962673611,0.10196940104166667,0.22471110026041666
Parteck 50_19mm.jpg,Cohesive,0.09870062934027778,0.1156005859375,0.047220865885416664,0.07292344835069445,0.06652153862847222,0.10920545789930555,0.07810465494791667,0.09010823567708333,0.09935167100694445,0.2222629123263889
Parteck 50_19mm.jpg,Cohesive,0.09564208984375,0.10994466145833333,0.045477973090277776,0.07659912109375,0.0671725802951389,0.11512586805555555,0.07780626085069445,0.08985731336805555,0.10694037543402778,0.21543375651041666
Lidocaine_19mm.jpg,Cohesive,0.04361300998263889,0.07085503472222222,0.021436903211805556,0.08427598741319445,0.09608968098958333,0.20546468098958334,0.07887776692708333,0.09913465711805555,0.15948486328125,0.14076741536458334
Lidocaine_19mm.jpg,Cohesive,0.050069173177083336,0.07590738932291667,0.024407280815972224,0.08376057942708333,0.09514702690972222,0.19700792100694445,0.07851155598958333,0.0985989040798611,0.14312744140625,0.15346272786458334
Lidocaine_19mm.jpg,Cohesive,0.051093207465277776,0.07623969184027778,0.024190266927083332,0.08289930555555555,0.09325493706597222,0.194580078125,0.07952202690972222,0.0995212131076389,0.1471489800347222,0.15155029296875
Lidocaine_19mm.jpg,Cohesive,0.047017415364583336,0.07527669270833333,0.022311740451388888,0.08399793836805555,0.0977511935763889,0.20134141710069445,0.0787353515625,0.09828016493055555,0.150634765625,0.1446533203125
Lidocaine_19mm.jpg,Cohesive,0.05259874131944445,0.07828776041666667,0.02520751953125,0.0820651584201389,0.09551323784722222,0.1931423611111111,0.08015272352430555,0.09743245442708333,0.1404351128472222,0.15516493055555555
